Name=a1
Author=KingBong
MinLevel=0
JoinCost=1500

; The location of the waiting checkpoint.
; WaitLocation=waitx,waity,waitz
WaitLocation=2720.668701,2525.216064,10.573862

RunTime=600
WinBaseXP=160000
WinBaseCash=160000
Time=9:33
Weather=5

; Vehicle Model to race with. Other models: 0=No vehicle, -1=Any vehicle
Vehicle=603

; Checkpoints
; Type=0 is a normal checkpoint
; Type=1 is an air checkpoint
; The params type and size are optional
; Format: CP=x,y,z,type,size
CP=2415.910889,2620.514893,5.836088,0,11.85001
CP=1950.031738,2535.675537,5.762886,0,11.85001
CP=1557.258789,2463.035645,5.749310,0,11.85001
CP=1220.788940,2297.385986,6.344606,0,11.85001
CP=1109.511719,1814.281982,9.671875,0,9.60001
CP=1052.075195,1708.070068,9.820313,0,7.35000
CP=1029.497803,1588.298706,4.820313,0,7.35000
CP=1094.245850,1440.097290,5.429150,0,9.60001
CP=1167.255127,1414.478149,5.915171,0,4.35000
CP=1148.862427,1373.595947,9.671875,0,5.85001
CP=1035.451538,1372.637817,9.715777,0,8.10000
CP=989.578857,1258.865112,9.820313,0,8.10000
CP=967.996094,1120.989258,9.820313,0,8.10000
CP=998.247681,858.845398,9.834163,0,8.10000
CP=1067.910156,901.878540,9.827932,0,8.10000
CP=1155.761719,1041.463867,10.000000,0,5.10000
CP=1181.944824,1193.644043,11.396672,0,6.60001
CP=1379.479980,1192.327148,9.718023,0,6.60001
CP=1411.838623,1030.271729,9.820313,0,6.60001
CP=1507.499146,990.001343,9.817135,0,6.60001
CP=1554.314697,913.490479,9.671875,0,6.60001
CP=1584.387085,933.930664,9.671875,0,6.60001
CP=1667.102661,943.072754,9.671875,0,6.60001
CP=1769.179565,969.335266,7.692194,0,10.35000
CP=1845.889893,913.365906,9.820313,0,5.85001
CP=1887.976929,933.677490,9.671875,0,5.85001
CP=1887.295654,961.940369,9.820313,0,5.85001
CP=1887.765991,1110.228516,9.820313,0,5.85001
CP=1853.501099,1189.308960,9.839021,0,5.85001
CP=1833.079590,1273.552734,11.379333,0,5.85001
CP=1677.707642,1301.920410,10.138342,0,11.85001

; Spawn Points
; If there are no spawn points, races will just be given their vehicle at the checkpoint
; Format: SPAWN=x,y,z,rotz
SPAWN=2720.668701,2525.216064,10.573862,89.0
SPAWN=2720.616943,2529.771729,10.573862,89.0
SPAWN=2720.636963,2534.438477,10.573862,89.0
SPAWN=2720.724121,2539.481201,10.573862,89.0
SPAWN=2720.816895,2544.327148,10.573862,89.0
SPAWN=2720.980469,2549.017578,10.573862,89.0
SPAWN=2721.120605,2553.477295,10.573862,89.0
SPAWN=2721.024170,2558.253662,10.573860,89.0
SPAWN=2720.703857,2520.193359,10.628565,89.0
SPAWN=2720.608643,2515.630859,10.636364,89.0
SPAWN=2720.502930,2510.872559,10.636362,89.0
SPAWN=2721.254639,2565.715088,10.573862,89.0
SPAWN=2721.430908,2570.388672,10.573860,89.0
SPAWN=2721.501221,2575.087402,10.573862,89.0
SPAWN=2721.287109,2580.326904,10.573862,89.0
SPAWN=2721.119873,2586.125977,10.573862,89.0
SPAWN=2721.416504,2592.054199,10.573862,89.0
SPAWN=2721.458496,2598.191406,10.573862,89.0
SPAWN=2720.731201,2506.410156,10.636362,89.0
SPAWN=2720.897949,2501.308105,10.636362,89.0
SPAWN=2721.239258,2496.603027,10.636362,89.0
SPAWN=2721.315918,2491.907959,10.626135,89.0
SPAWN=2721.419189,2487.376465,10.621029,89.0
SPAWN=2721.390869,2482.469482,10.614922,89.0
SPAWN=2721.421875,2477.426514,10.608707,89.0
SPAWN=2721.498779,2472.330566,10.600315,89.0
SPAWN=2721.751953,2467.179932,10.592566,89.0
SPAWN=2722.007568,2462.202393,10.585115,89.0
SPAWN=2722.222656,2457.089111,10.577269,89.0
SPAWN=2722.323242,2451.761230,10.573862,89.0
SPAWN=2722.306152,2447.069092,10.573862,89.0
SPAWN=2722.413818,2442.323242,10.490194,89.0

; Objects
; The last param (viewdistance) is optional
; Format: OBJECT=modelid,x,y,z,rotx,roty,rotz,viewdistance
OBJECT=1633,2572.145508,2530.261230,6.353815,0.0,0.0,56.25000
OBJECT=1633,2565.493896,2534.693848,8.592356,0.0,0.0,56.25000
OBJECT=1633,2569.889893,2526.918945,6.369192,0.0,0.0,56.25000
OBJECT=1633,2563.116211,2531.435303,8.646376,0.0,0.0,56.25000
OBJECT=1633,2557.398193,2611.990234,8.697861,0.0,0.0,67.49997
OBJECT=1633,2553.042236,2613.762695,10.003359,0.0,0.0,67.49997
OBJECT=1633,2555.827637,2608.216553,8.705715,0.0,0.0,67.49997
OBJECT=1633,2559.906494,2606.559814,7.487329,0.0,0.0,67.49997
OBJECT=1633,2551.584229,2610.002686,9.985192,0.0,0.0,67.49997
OBJECT=979,1333.087402,2464.981445,6.691181,0.0,0.0,202.50008
OBJECT=979,1346.117798,2470.396240,6.643945,0.0,0.0,202.50008
OBJECT=979,1357.848389,2475.593994,6.602555,0.0,0.0,202.50008
OBJECT=979,1369.327881,2480.503906,6.669713,0.0,0.0,202.50008
OBJECT=979,1381.747803,2485.041992,7.108680,0.0,0.0,202.50008
OBJECT=979,1394.045410,2489.978760,8.058601,0.0,0.0,202.50008
OBJECT=978,1461.541016,2435.325928,8.296238,0.0,0.0,337.50002
OBJECT=978,1448.531250,2440.795898,6.990060,0.0,0.0,0.0
OBJECT=978,1435.289185,2440.109131,6.720226,0.0,0.0,0.0
OBJECT=978,1419.599121,2439.501709,6.574586,0.0,0.0,0.0
OBJECT=978,1402.641724,2439.193604,6.662935,0.0,0.0,0.0
OBJECT=978,1245.598145,2035.212891,8.343863,0.0,0.0,56.25000
OBJECT=978,1240.355469,2020.345581,7.323189,0.0,0.0,56.25000
OBJECT=978,1238.808472,2001.225342,7.011536,0.0,0.0,56.25000
OBJECT=978,1234.518799,1983.266968,6.643516,0.0,0.0,56.25000
OBJECT=978,1227.802368,1972.546997,6.574595,0.0,0.0,56.25000
OBJECT=978,1220.779907,1959.971924,6.574595,0.0,0.0,56.25000
OBJECT=978,1213.559326,1928.030151,6.574595,0.0,0.0,56.25000
OBJECT=978,1206.018188,1916.829224,6.582218,0.0,0.0,56.25000
OBJECT=978,1198.126587,1904.061523,6.711920,0.0,0.0,56.25000
OBJECT=978,1189.703125,1892.344482,7.629523,0.0,0.0,56.25000
OBJECT=1633,1884.580688,1075.271606,10.770609,0.0,0.0,0.0
OBJECT=1633,1888.732910,1075.217651,10.770609,0.0,0.0,0.0
OBJECT=1633,1892.179199,1075.215088,10.774569,0.0,0.0,0.0
OBJECT=978,1000.066284,980.355469,10.668114,0.0,0.0,89.99997
OBJECT=978,1000.212769,968.111572,10.668114,0.0,0.0,89.99997
OBJECT=978,1000.486328,954.402466,10.660533,0.0,0.0,89.99997
OBJECT=978,999.880371,938.364807,10.713934,0.0,0.0,89.99997
OBJECT=978,999.175171,923.848694,10.712399,0.0,0.0,89.99997
OBJECT=978,998.065063,907.576477,11.140526,0.0,0.0,89.99997
OBJECT=979,979.496216,830.329956,10.660533,0.0,0.0,0.0
OBJECT=979,993.228516,831.416626,10.660533,0.0,0.0,0.0
OBJECT=979,1006.389038,831.104614,10.841825,0.0,0.0,0.0
OBJECT=979,1025.862793,830.627197,10.800566,0.0,0.0,33.75002
OBJECT=979,1040.291382,837.925720,10.980765,0.0,0.0,33.75002
OBJECT=979,1056.286133,844.079529,10.683341,0.0,0.0,33.75002
OBJECT=978,1702.851807,988.795593,10.660533,0.0,0.0,180.9
OBJECT=978,1690.288452,989.213379,10.660533,0.0,0.0,180.9
OBJECT=978,1677.074463,990.188904,10.660533,0.0,0.0,180.9
OBJECT=978,1661.946777,990.174255,10.660533,0.0,0.0,180.9
OBJECT=978,1667.670532,966.249817,11.016422,0.0,0.0,180.9
OBJECT=1633,1747.754272,982.523865,10.702929,0.0,0.0,259.60947
OBJECT=1633,1755.647095,965.130920,10.620611,0.0,0.0,248.35950
OBJECT=1633,1794.871094,968.804382,6.324264,0.0,0.0,248.35950
OBJECT=1633,1794.349243,964.139954,6.476092,0.0,0.0,248.35950
OBJECT=1633,1793.848389,959.477905,6.618510,0.0,0.0,248.35950
OBJECT=1633,1793.920776,954.675049,6.766130,0.0,0.0,248.35950
OBJECT=978,1872.424438,943.186584,10.652774,0.0,0.0,180.9
OBJECT=978,1861.478271,943.879456,10.660533,0.0,0.0,180.9
OBJECT=979,1913.197754,938.594360,10.593335,0.0,0.0,90.9
OBJECT=979,1913.363892,927.184753,10.652774,0.0,0.0,90.9
OBJECT=979,1910.722900,952.015747,10.660533,0.0,0.0,123.75010
OBJECT=979,1903.394531,967.028320,10.660533,0.0,0.0,180.9

; Pickups
; Format:
;	PICKUPREPAIR=x,y,z
;	PICKUPNITRO=x,y,z
;	PICKUPVEHICLE=vehicletype,x,y,z
