
; Map made on 14th June, 2010

WaitLocation=-2681.5525,1316.3373,55.4363
MinLevel=0
JoinCost=5000
WinBaseXP=500000
WinBaseCash=650000

Name=AFX's Infernus Fun Track SF
Author=AFX
RunTime=300
Weather=1
Time=6:0

Vehicle=411
VehicleComponents=1082,1087

SPAWN=-2676.999756,1270.198364,55.229687,182
SPAWN=-2686.377686,1269.303833,55.090065,178
SPAWN=-2695.04248,1268.77124,55.229687,187
SPAWN=-2667.870605,1270.532715,55.229687,175
SPAWN=-2695.043701,1280.16626,55.229687,175
SPAWN=-2686.29126,1279.317261,55.090065,178
SPAWN=-2677.08252,1279.520142,55.229687,182
SPAWN=-2667.76416,1279.254883,55.229687,182
SPAWN=-2668.114258,1289.711426,55.229687,182
SPAWN=-2686.282471,1290.150879,55.229687,182
SPAWN=-2677.075439,1289.519775,55.229687,182
SPAWN=-2694.847412,1290.690796,55.229687,182
SPAWN=-2668.140381,1299.514404,55.229687,182
SPAWN=-2676.83374,1299.845947,55.229687,182
SPAWN=-2686.564941,1299.717529,55.229687,182
SPAWN=-2694.741455,1300.003418,55.229687,182

CP=-2621.214111,1212.474731,52.848351,0,16
CP=-2462.595947,1199.179199,34.234375,0,20
CP=-2280.576416,1176.362061,54.459602,0,20
CP=-1891.136108,1169.463989,44.296875,0,16
CP=-1875.423828,1111.085571,44.296875,0,16
CP=-1794.17688,1075.193726,42.815483,0,16
CP=-1793.408569,926.926147,23.742188,0,20
CP=-1781.849121,850.322998,23.734375,0,16
CP=-1558.960815,818.808105,6.032068,0,20
CP=-1559.170288,531.688416,6.03125,0,20
CP=-1734.926392,280.579437,6.1875,0,20
CP=-1823.091797,41.736595,14.12279,0,8
CP=-1843.952637,-42.830952,38.356525,1,16
CP=-1896.681763,-159.751938,37.242188,0,12
CP=-1884.424561,-404.724731,36.708588,0,9.6
CP=-1884.654419,-655.454346,37.96685,0,8
CP=-1963.831299,-910.782166,83.65052,1,16
CP=-1928.987549,-1036.090698,78.527954,1,16
CP=-1897.101196,-1170.634399,37.792698,0,8
CP=-1994.565186,-1557.834717,94.760841,1,31.6

OBJECT=4199,-2116.291748,1179.162598,53.350361,0,351.405636,0
OBJECT=4199,-2111.669678,1179.159546,54.57362,0,346.2490176,0
OBJECT=4199,-2109.773682,1179.16626,55.554859,0,338.51409,0
OBJECT=4199,-1741.850342,845.172302,22.27405,0,353.9839452,0
OBJECT=4199,-1739.096313,845.169617,22.891384,0,347.9678904,0
OBJECT=4199,-1734.663818,845.193542,24.263378,0,340.2329628,0
OBJECT=4199,-1731.976685,845.186279,25.415936,0,332.4980352,0
OBJECT=4199,-1993.373291,1177.031616,42.709309,0,6.8754912,0
OBJECT=4199,-1676.264893,846.430725,23.096893,0,22.3453464,0
OBJECT=4199,-1686.603149,846.436707,25.096867,0,0,0
OBJECT=4199,-1766.83667,233.242538,4.262183,0,348.8273268,244.079994896
OBJECT=4199,-1769.186157,228.412582,5.5086,0,341.0923992,244.079994896
OBJECT=4199,-1765.546753,235.913116,3.722525,0,356.5622544,244.079994896
OBJECT=4199,-1771.872681,222.893997,7.69615,0,338.51409,244.079994896
OBJECT=4199,-1831.215332,64.146751,13.310312,0,270.618671696,185.638147808
OBJECT=1225,-1830.922119,111.348099,14.522943,0,0,0
OBJECT=1225,-1830.678711,114.953766,14.522943,0,0,0
OBJECT=1225,-1830.219971,119.183647,14.522943,0,0,0
OBJECT=1225,-1829.640747,123.061714,14.522942,0,0,0
OBJECT=1225,-1828.940552,126.75251,14.522943,0,0,0
OBJECT=1225,-1827.638794,130.532364,14.522943,0,0,0
OBJECT=1225,-1825.787842,134.587891,14.522943,0,0,0
OBJECT=1225,-1823.478027,137.019836,14.522941,0,0,0
OBJECT=1225,-1820.395386,138.554642,14.522943,0,0,0
OBJECT=1225,-1818.598145,135.051056,14.51513,0,0,0
OBJECT=1225,-1818.405884,130.764008,14.51513,0,0,0
OBJECT=1225,-1818.221802,126.898621,14.51513,0,0,0
OBJECT=1225,-1817.981567,122.71032,14.51513,0,0,0
OBJECT=1225,-1817.8396,118.974174,14.522941,0,0,0
OBJECT=1225,-1817.71582,114.640945,14.522943,0,0,0
OBJECT=1225,-1817.578125,111.15741,14.522943,0,0,0
OBJECT=1225,-1817.648926,106.860626,14.522943,0,0,0
OBJECT=1225,-1818.017334,103.057259,14.522943,0,0,0
OBJECT=1225,-1817.967407,98.84317,14.522943,0,0,0
OBJECT=1225,-1818.402344,93.725258,14.522943,0,0,0
OBJECT=4199,-1833.018921,-14.054953,13.104712,0,349.6867632,270.1495084
OBJECT=4199,-1833.024658,-22.236137,15.262115,0,341.0923992,270.1495084
OBJECT=4199,-1832.990112,-31.341143,19.281288,0,329.919726,270.1495084
OBJECT=4199,-1832.964355,-39.902241,25.012505,0,322.1847984,270.1495084
OBJECT=1225,-1817.293457,-5.498512,14.522943,0,0,0
OBJECT=1225,-1817.203491,-1.821457,14.51513,0,0,0
OBJECT=1225,-1817.281738,1.161842,14.522943,0,0,0
OBJECT=1225,-1817.189209,4.362679,14.51513,0,0,0
OBJECT=1225,-1817.128052,7.143234,14.51513,0,0,0
OBJECT=1225,-1817.137573,9.974098,14.515129,0,0,0
OBJECT=3873,-1896.86731,-138.605225,19.859085,0,0,0
OBJECT=3887,-1814.505737,-133.944168,5.316888,0,0,0
OBJECT=4199,-1829.697144,-71.128113,12.596842,0,270.618671696,238.063997392
OBJECT=4199,-1811.583618,-191.18692,11.290872,0,270.618671696,179.622035713
OBJECT=3887,-1847.435181,-217.757996,24.98901,0,0,91.1002584
OBJECT=3887,-1894.227295,-238.629013,27.676146,0,0,167.589926113
OBJECT=4199,-1910.539307,-1355.93689,38.949974,0,344.5301448,240.928899983
OBJECT=4199,-1915.408447,-1364.821289,42.214401,0,340.2329628,240.928899983
OBJECT=4199,-1920.595947,-1374.192627,46.172558,0,339.3735264,240.928899983
OBJECT=4199,-1907.598633,-1350.704346,37.912365,0,352.2650724,240.928899983
OBJECT=4199,-1925.746094,-1383.474609,50.181282,0,339.3735264,240.928899983
OBJECT=4199,-1930.943115,-1392.868408,54.256817,0,339.3735264,240.928899983
OBJECT=4199,-1934.601563,-1399.296021,57.543495,0,335.0763444,240.928899983
OBJECT=4199,-1936.454956,-1402.670532,59.658047,0,329.919726,240.928899983
OBJECT=16024,-1901.859863,-721.467224,55.922997,0,161.574329679,293.823454496
OBJECT=16024,-1952.251221,-844.287231,75.863564,0,187.357421679,118.602108608
OBJECT=17286,-1950.634399,-973.123474,80.660286,3.4377456,0,212.176824608

PICKUPNITRO=-1823.040894,69.203995,15.622791
PICKUPNITRO=-1900.021362,-1166.764282,39.21273
PICKUPNITRO=-1893.887939,-1172.700195,39.351738
PICKUPREPAIR=-1894.30835,-1166.363647,39.207153
PICKUPREPAIR=-1900.187256,-1172.88855,39.357121
PICKUPREPAIR=-1823.028809,69.353806,15.622791
PICKUPNITRO=-1884.838623,-391.067444,38.727654