
Name=Beachfront Terrorizer
Author=Narco
MinLevel=15
JoinCost=2300

; The location of the waiting checkpoint.
; WaitLocation=waitx,waity,waitz
WaitLocation=371.987183,-1766.030884,5.299833

RunTime=300
WinBaseXP=160000
WinBaseCash=100000
Time=21:0
Weather=9

; Vehicle Model to race with. Other models: 0=No vehicle, -1=Any vehicle
Vehicle=541

; Checkpoints
; Type=0 is a normal checkpoint
; Type=1 is an air checkpoint
; The params type and size are optional
; Format: CP=x,y,z,type,size
CP=437.453003,-1772.406494,4.300984,0,
CP=626.967468,-1720.709229,12.927664,0,
CP=624.839233,-1678.396240,14.535042,0,
CP=409.566772,-1653.634399,27.333399,0,
CP=281.774109,-1637.089600,32.156242,0,
CP=280.265137,-1501.560913,31.549622,0,
CP=129.052933,-1587.209106,9.742455,0,
CP=194.325562,-1733.107544,3.309368,0,
CP=326.224304,-1738.098389,3.424839,0,
CP=362.956024,-1772.695557,4.292034,0,
CP=436.577881,-1771.810303,4.292315,0,
CP=627.596191,-1720.125366,12.911634,0,
CP=625.721375,-1677.330688,14.502430,0,
CP=408.419678,-1653.493896,27.588715,0,
CP=281.545654,-1636.971436,32.156242,0,
CP=281.394836,-1500.189697,31.589273,0,
CP=129.242096,-1586.614380,9.717512,0,
CP=195.830627,-1732.863159,3.324249,0,
CP=326.868958,-1737.173950,3.426727,0,
CP=363.135742,-1772.592529,4.511032,0,
CP=436.744690,-1771.102905,4.300292,0,
CP=628.248169,-1719.177979,12.886076,0,
CP=625.600952,-1677.064575,14.508144,0,
CP=409.052826,-1653.203369,27.372978,0,
CP=282.549194,-1636.241577,32.148438,0,
CP=280.725708,-1498.930542,31.599072,0,
CP=128.770386,-1586.614014,9.749627,0,
CP=196.136795,-1731.977051,3.327889,0,
CP=327.458527,-1738.245239,3.432777,0,
CP=362.695404,-1772.674316,4.291942,0,

; Spawn Points
; If there are no spawn points, races will just be given their vehicle at the checkpoint
; Format: SPAWN=x,y,z,rotz
SPAWN=371.987183,-1766.030884,5.299833,271.0
SPAWN=371.959778,-1769.439819,5.299833,271.0
SPAWN=371.906097,-1774.182861,5.299833,271.0
SPAWN=371.965088,-1778.225952,5.299833,271.0
SPAWN=362.171539,-1766.208618,5.299833,271.0
SPAWN=362.013245,-1769.798584,5.299833,271.0
SPAWN=361.873505,-1774.151855,5.299833,271.0
SPAWN=361.635101,-1778.032349,5.299833,271.0

; Objects
; The last param (viewdistance) is optional
; Format: OBJECT=modelid,x,y,z,rotx,roty,rotz,viewdistance
OBJECT=978,202.139008,-1533.911499,14.565837,0.0,353.12451,357.34440
OBJECT=978,193.320740,-1532.013550,13.431197,0.0,353.12451,337.57737
OBJECT=978,235.648849,-1553.203979,33.015453,0.0,357.42169,241.56130
OBJECT=978,239.945786,-1545.290894,32.627289,0.0,357.42169,241.56130
OBJECT=978,244.283539,-1537.062256,32.170631,0.0,357.42169,241.56130
OBJECT=978,249.384628,-1529.265869,32.072914,0.0,0.85945,232.96688
OBJECT=978,254.943848,-1521.889160,32.199463,0.0,0.85945,232.96688
OBJECT=978,260.449860,-1514.602661,32.339573,0.0,0.85945,232.96688
OBJECT=978,266.248993,-1507.542358,32.493774,0.0,0.85945,227.81021
OBJECT=978,272.421448,-1500.888672,32.668205,0.0,0.85945,227.81021
OBJECT=978,273.610626,-1493.386108,31.786219,0.0,348.82734,293.66874
OBJECT=978,374.720032,-1658.361450,32.756523,0.0,0.85945,353.43381
OBJECT=978,365.609039,-1657.328857,32.888641,0.0,0.85945,353.43381
OBJECT=978,260.406647,-1640.118896,33.131424,0.0,0.85945,335.38581
OBJECT=978,242.604645,-1627.495972,33.110935,0.0,0.0,313.90016
OBJECT=978,231.033310,-1607.721924,33.085323,0.0,0.0,286.24353
OBJECT=978,228.776535,-1584.372192,33.052258,0.0,0.0,263.3897
OBJECT=978,335.327820,-1732.749634,4.463652,0.0,0.0,169.35828
OBJECT=978,348.289795,-1741.628418,4.448647,0.0,0.0,119.20166
OBJECT=978,352.089233,-1759.161011,4.921900,0.0,0.0,93.41797
OBJECT=978,357.046143,-1763.701904,5.220114,0.0,1.71888,180.83937
OBJECT=978,453.861633,-1716.298706,10.228959,0.0,0.85945,231.54734
OBJECT=978,471.372742,-1706.412598,10.833350,0.0,0.85945,179.12048
OBJECT=978,165.490082,-1565.325684,11.858550,0.0,358.28113,39.82356
OBJECT=978,158.349899,-1571.745483,11.914808,0.0,358.28113,44.12079
OBJECT=978,151.477997,-1578.102295,11.836139,0.0,358.28113,44.12079
OBJECT=978,144.435349,-1582.741577,11.566110,0.0,358.28113,22.63447
OBJECT=978,437.634369,-1764.522827,5.624578,0.0,0.85945,180.83937
OBJECT=978,446.034882,-1761.903564,5.637645,0.0,0.85945,211.77983
OBJECT=978,450.963318,-1755.101929,5.642930,0.0,0.85945,253.3372
OBJECT=979,290.805359,-1507.280029,32.808971,0.0,0.0,45.85943
OBJECT=979,295.080933,-1499.468628,32.808971,0.0,0.0,75.93964
OBJECT=979,294.462036,-1490.651245,32.473034,0.0,0.0,115.47371
OBJECT=979,289.085754,-1483.323853,32.150478,0.0,5.15662,137.81924
OBJECT=979,278.100403,-1475.560913,30.728382,0.0,7.73494,156.72695
OBJECT=979,263.574249,-1474.528931,28.191378,0.0,7.73494,197.35251
OBJECT=979,195.263733,-1510.713257,12.436927,0.0,2.57832,142.74414
OBJECT=979,186.605545,-1507.563965,12.294753,0.0,0.0,172.82460
OBJECT=979,177.879608,-1509.095703,12.273845,0.0,0.85945,207.20233
OBJECT=979,169.894440,-1513.879883,12.230174,0.0,0.0,214.7782
OBJECT=979,163.576019,-1520.168091,12.045006,0.0,2.57832,233.84498
OBJECT=979,158.330841,-1527.704224,11.639419,0.0,2.57832,233.84498
OBJECT=979,153.194580,-1534.782837,10.526656,0.0,12.89156,233.84498
OBJECT=979,149.989334,-1539.122070,9.960464,0.0,5.15662,233.84498
OBJECT=979,144.831161,-1546.215210,9.617942,0.0,0.0,233.84498
OBJECT=979,139.577744,-1553.419800,9.586720,0.0,0.0,233.84498
OBJECT=979,135.175980,-1561.391602,9.635316,0.0,359.14056,248.45522
OBJECT=979,131.822342,-1570.029663,9.841714,0.0,359.14056,248.45522
OBJECT=979,112.640640,-1600.860352,10.466361,0.0,0.0,250.17409
OBJECT=979,104.954025,-1636.607788,10.095321,0.0,0.0,267.36264
OBJECT=979,105.970528,-1664.576416,9.874396,0.0,0.0,277.67582
OBJECT=979,111.983818,-1697.619263,9.344924,0.0,0.0,283.69181
OBJECT=979,121.582741,-1722.046509,8.164876,0.0,2.57832,300.88041
OBJECT=979,137.069504,-1739.864258,6.323594,0.0,4.29718,326.66328
OBJECT=979,153.637878,-1745.854858,5.011501,0.0,2.57832,349.842
OBJECT=979,335.911285,-1770.208862,4.964322,0.0,1.71888,283.69139
OBJECT=979,347.098907,-1779.674072,5.139010,0.0,0.0,341.27357
OBJECT=979,367.435822,-1772.093018,5.157511,0.0,1.71888,358.46230
OBJECT=979,372.801880,-1772.159668,5.091833,0.0,359.14056,359.32173
OBJECT=979,367.365601,-1780.427856,5.311584,0.0,0.0,358.46230
OBJECT=979,372.826385,-1780.453369,5.274277,0.0,0.0,1.90006
OBJECT=979,449.547852,-1778.174805,5.394432,0.0,0.0,22.52652
OBJECT=979,460.521606,-1769.773071,5.431776,0.0,0.0,51.74731
OBJECT=979,466.981964,-1747.995972,6.287320,0.0,346.24902,89.56251
OBJECT=979,466.871979,-1737.414551,8.897094,0.0,346.24902,89.56251
OBJECT=979,618.967651,-1746.336304,13.160776,0.0,0.0,22.52652
OBJECT=979,630.779419,-1737.405518,13.366187,0.0,0.0,48.30955
OBJECT=979,638.889038,-1721.121338,13.838813,0.0,358.28113,79.24926
OBJECT=979,636.040100,-1674.068970,14.990214,0.0,358.28113,141.98825
OBJECT=979,622.652832,-1668.164429,15.701770,0.0,358.28113,166.91214
OBJECT=979,645.035034,-1686.604614,14.823737,0.0,358.28113,108.47004
OBJECT=979,547.099487,-1656.530396,18.638754,0.0,359.14056,175.97008
OBJECT=979,532.929810,-1655.102417,18.237823,0.0,0.85945,180.26730
OBJECT=979,521.561707,-1655.352905,18.574766,0.0,358.28113,180.26730
OBJECT=979,454.378754,-1645.064697,25.183090,0.0,0.85945,180.26730
OBJECT=979,441.266235,-1643.706665,25.284147,0.0,0.85945,180.26730
OBJECT=979,334.143036,-1631.758911,32.980389,0.0,0.85945,180.26730
OBJECT=979,322.492249,-1629.357666,32.984692,0.0,0.85945,180.26730
OBJECT=978,135.285660,-1592.025757,11.128505,0.0,358.28113,56.38434
OBJECT=978,127.260735,-1606.941284,10.452006,0.0,358.28113,68.49378
OBJECT=978,122.163834,-1624.145508,10.222569,0.0,358.28113,82.24506
OBJECT=978,120.738754,-1638.814697,10.093093,0.0,358.28113,88.26123
OBJECT=978,120.800568,-1650.740601,9.974192,0.0,358.28113,88.26123
OBJECT=978,121.970833,-1664.723755,9.824774,0.0,358.28113,88.26123
OBJECT=978,125.632744,-1682.853271,9.627283,0.0,358.28113,88.26123
OBJECT=978,129.755173,-1699.880493,9.204703,0.0,358.28113,88.26123
OBJECT=978,135.383743,-1712.096924,8.277009,0.0,358.28113,88.26123
OBJECT=978,141.607178,-1721.392456,7.202788,0.0,353.12451,110.76124
OBJECT=978,471.127899,-1706.569336,12.137130,0.0,0.85945,179.12048
OBJECT=978,453.920685,-1716.452759,11.535117,0.0,0.85945,231.54734
OBJECT=978,471.006866,-1706.644287,13.442747,0.0,0.85945,179.12048

; Pickups
; Format:
;	PICKUPREPAIR=x,y,z
;	PICKUPNITRO=x,y,z
;	PICKUPVEHICLE=vehicletype,x,y,z
