
Name=Grish deathroad
Author=Grish
MinLevel=0
JoinCost=3000

; The location of the waiting checkpoint.
; WaitLocation=waitx,waity,waitz
WaitLocation=-2485.541748,2225.815674,4.504128

RunTime=9000
WinBaseXP=400000
WinBaseCash=400000
Weather=0

; Vehicle Model to race with. Other models: 0=No vehicle, -1=Any vehicle
Vehicle=579

; Checkpoints
; Type=0 is a normal checkpoint
; Type=1 is an air checkpoint
; The params type and size are optional
; Format: CP=x,y,z,type,size
CP=-2466.092041,2249.603027,3.800079,0,0.0
CP=-2572.510986,2331.103516,3.836123,0,0.0
CP=-2615.189209,2276.416260,7.203425,0,0.0
CP=-2664.617676,2160.971436,14.812204,0,0.0
CP=-2825.642822,2081.543457,14.655704,0,0.0
CP=-2914.378906,2084.197021,14.779907,0,0.0
CP=-2938.852295,2313.461182,71.694244,0,0.0
CP=-2909.736816,2672.740723,143.749863,0,0.0
CP=-2774.565918,2858.338135,172.259506,0,0.0
CP=-2680.904297,2838.016602,168.888306,0,0.0
CP=-2246.778564,2848.761230,144.221222,0,0.0
CP=-2016.925903,2905.474365,117.268425,0,0.0
CP=-1956.501465,2873.732178,110.644676,0,0.0
CP=-1785.729736,2879.296631,78.695656,0,0.0
CP=-1745.997925,2911.400635,56.789246,0,0.0
CP=-1636.022583,2913.761719,50.403591,0,0.0
CP=-1481.744629,2946.751465,45.031509,0,0.0
CP=-1427.709595,2978.381836,7.048355,0,0.0

; Spawn Points
; If there are no spawn points, races will just be given their vehicle at the checkpoint
; Format: SPAWN=x,y,z,rotz
SPAWN=-2485.541748,2225.815674,4.504128,360.0
SPAWN=-2482.582764,2225.782959,4.489706,360.0
SPAWN=-2479.724121,2225.666504,4.491508,360.0
SPAWN=-2476.456055,2225.804199,4.504128,360.0
SPAWN=-2473.801758,2225.439209,4.504127,360.0
SPAWN=-2470.817627,2225.369141,4.504128,360.0
SPAWN=-2467.788330,2225.557617,4.504128,360.0
SPAWN=-2464.811523,2225.615479,4.504128,360.0
SPAWN=-2461.854248,2225.408447,4.504128,360.0
SPAWN=-2458.977783,2225.447998,4.504128,360.0
SPAWN=-2455.846436,2225.150879,4.504128,360.0
SPAWN=-2452.691650,2224.871582,4.504127,360.0
SPAWN=-2449.813477,2224.931152,4.504128,360.0
SPAWN=-2446.882324,2224.932617,4.504128,360.0
SPAWN=-2444.159668,2224.830322,4.504128,360.0
SPAWN=-2440.949463,2224.734131,4.504128,360.0

; Objects
; The last param (viewdistance) is optional
; Format: OBJECT=modelid,x,y,z,rotx,roty,rotz,viewdistance
OBJECT=4652,-2624.607910,2229.728516,10.257023,0.85945,6.1605,89.99997
OBJECT=4652,-2670.537354,2166.655518,14.734079,0.0,0.0,0.0
OBJECT=4652,-2658.710938,2196.799805,14.640938,0.85945,0.0,326.24999
OBJECT=4652,-2728.512451,2156.573730,14.621044,0.0,0.0,33.75002
OBJECT=4652,-2802.303711,2112.222900,14.539358,0.0,0.0,33.75002
OBJECT=4652,-2865.838867,2086.021973,14.577579,0.0,0.0,1.71888
OBJECT=4652,-2800.120605,2123.096436,14.699661,0.0,0.0,56.25000
OBJECT=4652,-2914.235596,2123.558350,14.701782,0.0,0.0,277.81234
OBJECT=4652,-2925.202393,2215.220215,25.896072,0.85945,13.75099,276.9345
OBJECT=4652,-2928.270996,2267.872314,42.117016,359.14056,36.9633,279.53120
OBJECT=4652,-2931.212158,2349.729004,81.759346,0.0,15.46986,266.56231
OBJECT=4652,-2924.680908,2440.041748,101.349762,0.0,9.45381,270.4
OBJECT=4652,-2918.340332,2530.603516,116.593689,2.57832,9.45381,263.12455
OBJECT=4652,-2907.115723,2622.686523,133.847198,0.0,12.3210,266.56231
OBJECT=4652,-2908.059326,2717.438721,143.671738,0.0,0.0,275.23401
OBJECT=4652,-2904.647461,2807.921387,145.965881,0.0,357.42169,77.96786
OBJECT=4652,-2871.548828,2844.597656,150.095215,0.0,354.84339,43.35846
OBJECT=4652,-2824.181641,2852.934814,161.141464,0.0,346.24902,0.0
OBJECT=4652,-2732.290527,2845.484375,172.181381,0.0,0.0,352.26507
OBJECT=4652,-2643.939697,2839.104492,153.170090,0.0,23.20478,11.25002
OBJECT=4652,-2557.963135,2842.870850,135.004288,0.0,359.14056,352.26507
OBJECT=4652,-2465.570313,2839.199219,136.154129,0.0,359.14056,5.15662
OBJECT=4652,-2383.998535,2837.917236,136.471359,0.0,0.0,0.0
OBJECT=4652,-2298.360352,2848.229004,141.131042,0.0,353.98396,11.25002
OBJECT=4652,-2209.795410,2831.952881,131.090210,0.0,18.4816,345.23494
OBJECT=4652,-2120.249756,2821.510742,117.367302,0.0,0.0,0.0
OBJECT=4652,-2097.413818,2834.198730,117.360474,0.0,0.0,56.25000
OBJECT=4652,-2055.991455,2880.233643,117.190300,0.0,0.0,43.20375
OBJECT=4652,-2011.543335,2860.319580,117.030113,0.0,0.0,289.6229
OBJECT=4652,-2004.394165,2856.644775,117.093384,0.0,355.70283,194.68788
OBJECT=4652,-1923.012573,2866.000000,100.716125,0.0,16.32929,359.6327
OBJECT=4652,-1841.403809,2848.434814,80.131561,0.0,350.54620,151.56106
OBJECT=4652,-1818.232178,2849.279297,78.617531,0.0,0.0,214.60949
OBJECT=1225,-2703.213135,2163.622314,15.104924,0.0,0.0,0.0
OBJECT=1225,-2763.967529,2126.635986,15.104924,0.0,0.0,0.0
OBJECT=1225,-2743.161621,2136.819092,15.104924,0.0,0.0,0.0
OBJECT=1225,-2752.580566,2132.472656,15.104924,0.0,0.0,0.0
OBJECT=1225,-2747.771973,2134.868164,15.104924,0.0,0.0,0.0
OBJECT=1225,-2758.319824,2129.840332,15.104924,0.0,0.0,0.0
OBJECT=1225,-2772.219482,2128.495850,14.851363,0.0,0.0,0.0
OBJECT=1225,-2797.417480,2111.087158,15.183541,0.0,0.0,0.0
OBJECT=1225,-2809.565918,2102.810059,15.011666,0.0,0.0,0.0
OBJECT=1225,-2817.948730,2090.261719,15.019457,0.0,0.0,0.0
OBJECT=1225,-2784.820068,2119.793701,14.851363,0.0,0.0,0.0
OBJECT=1225,-2778.817383,2124.091553,14.851363,0.0,0.0,0.0
OBJECT=1225,-2791.428467,2115.638916,14.851363,0.0,0.0,0.0
OBJECT=1225,-2803.235107,2107.192627,15.183541,0.0,0.0,0.0
OBJECT=1225,-2813.639404,2096.569824,15.023238,0.0,0.0,0.0
OBJECT=1225,-2838.726807,2083.334473,14.889584,0.0,0.0,0.0
OBJECT=1225,-2904.123291,2081.397949,15.021579,0.0,0.0,0.0
OBJECT=1225,-2845.878662,2083.393799,14.889584,0.0,0.0,0.0
OBJECT=1225,-2854.224365,2083.440430,14.889584,0.0,0.0,0.0
OBJECT=1225,-2861.875000,2083.352051,14.889584,0.0,0.0,0.0
OBJECT=1225,-2869.668213,2082.782959,14.889584,0.0,0.0,0.0
OBJECT=1225,-2878.382080,2082.489746,14.889584,0.0,0.0,0.0
OBJECT=1225,-2889.017090,2082.066650,14.889584,0.0,0.0,0.0
OBJECT=1225,-2913.045898,2090.456055,15.013787,0.0,0.0,0.0
OBJECT=1225,-2924.867920,2181.154297,17.857040,0.0,0.0,0.0
OBJECT=1225,-2936.623535,2258.289063,37.058491,0.0,0.0,0.0
OBJECT=1225,-2932.522949,2250.416748,34.915844,0.0,0.0,0.0
OBJECT=1225,-2931.783936,2244.249268,33.388893,0.0,0.0,0.0
OBJECT=1225,-2931.031250,2238.788818,32.042980,0.0,0.0,0.0
OBJECT=1225,-2930.313965,2233.680908,30.783892,0.0,0.0,0.0
OBJECT=1225,-2929.515381,2227.079834,29.158058,0.0,0.0,0.0
OBJECT=1225,-2928.904053,2219.602539,27.319742,0.0,0.0,0.0
OBJECT=1225,-2927.915527,2212.001709,25.446918,0.0,0.0,0.0
OBJECT=1225,-2927.217285,2204.272217,23.545843,0.0,0.0,0.0
OBJECT=1225,-2926.130127,2195.452148,21.373293,0.0,0.0,0.0
OBJECT=1225,-2937.534668,2304.978271,70.263802,0.0,0.0,0.0
OBJECT=1225,-2934.333252,2395.066650,94.719337,0.0,0.0,0.0
OBJECT=1225,-2936.486816,2395.041260,94.676605,0.0,0.0,0.0
OBJECT=1225,-2932.280029,2388.078369,92.652596,0.0,0.0,0.0
OBJECT=1225,-2932.528809,2382.062500,90.986504,0.0,0.0,0.0
OBJECT=1225,-2932.810791,2375.972656,89.291351,0.0,0.0,0.0
OBJECT=1225,-2933.429932,2369.492188,87.490822,0.0,0.0,0.0
OBJECT=1225,-2933.747803,2362.867676,85.655418,0.0,0.0,0.0
OBJECT=1225,-2930.105225,2388.273438,92.742561,0.0,0.0,0.0
OBJECT=1225,-2934.010498,2356.153564,83.796234,0.0,0.0,0.0
OBJECT=1225,-2934.344971,2349.134277,81.851540,0.0,0.0,0.0
OBJECT=1225,-2934.688477,2342.231201,79.938820,0.0,0.0,0.0
OBJECT=1225,-2935.214111,2335.855957,78.168823,0.0,0.0,0.0
OBJECT=1225,-2935.445557,2328.332275,76.086479,0.0,0.0,0.0
OBJECT=1225,-2922.107178,2763.346924,144.322845,0.0,0.0,0.0
OBJECT=1225,-2907.542236,2826.211914,147.228210,0.0,0.0,0.0
OBJECT=1225,-2908.838867,2825.177246,147.170471,0.0,0.0,0.0
OBJECT=1225,-2910.407959,2823.969727,147.102570,0.0,0.0,0.0
OBJECT=1225,-2904.477295,2828.979492,147.206818,0.0,0.0,0.0
OBJECT=1225,-2899.900146,2833.044922,147.428833,0.0,0.0,0.0
OBJECT=1225,-2895.675293,2836.959229,147.640884,0.0,0.0,0.0
OBJECT=1225,-2862.145996,2864.020508,152.399780,0.0,0.0,0.0
OBJECT=1225,-2864.504883,2864.135010,152.252090,0.0,0.0,0.0
OBJECT=1225,-2857.429688,2863.945313,152.531998,0.0,0.0,0.0
OBJECT=1225,-2778.620117,2856.862305,172.600357,0.0,0.0,0.0
OBJECT=1225,-2778.544678,2862.769531,172.795807,0.0,0.0,0.0
OBJECT=1225,-2685.408691,2841.126465,172.493393,0.0,0.0,0.0
OBJECT=1225,-2686.261230,2834.363770,172.665268,0.0,0.0,0.0
OBJECT=1225,-2703.460205,2848.371094,172.665268,0.0,0.0,0.0
OBJECT=1225,-2693.818359,2844.600830,172.493393,0.0,0.0,0.0
OBJECT=1225,-2698.730469,2846.359375,172.493393,0.0,0.0,0.0
OBJECT=1225,-2689.583008,2842.887207,172.493393,0.0,0.0,0.0
OBJECT=1225,-2706.869629,2850.506104,172.665268,0.0,0.0,0.0
OBJECT=1225,-2419.352539,2849.146729,137.170059,0.0,0.0,0.0
OBJECT=1225,-2423.004639,2850.696045,137.117584,0.0,0.0,0.0
OBJECT=1225,-2292.103027,2854.573975,142.219772,0.0,0.0,0.0
OBJECT=1225,-2288.028809,2855.177979,142.653290,0.0,0.0,0.0
OBJECT=1225,-2284.034912,2856.020508,143.083435,0.0,0.0,0.0
OBJECT=1225,-2280.036133,2856.844482,143.513702,0.0,0.0,0.0
OBJECT=1225,-2276.230713,2857.800293,143.926697,0.0,0.0,0.0
OBJECT=1225,-2271.794434,2858.753662,144.404846,0.0,0.0,0.0
OBJECT=1225,-2251.725586,2854.372803,146.389130,0.0,0.0,0.0
OBJECT=1225,-2254.570801,2856.656494,146.141998,0.0,0.0,0.0
OBJECT=1225,-2258.257813,2858.840820,145.813644,0.0,0.0,0.0
OBJECT=1225,-2262.036377,2861.175293,145.463242,0.0,0.0,0.0
OBJECT=1225,-2265.404297,2863.714355,145.167343,0.0,0.0,0.0
OBJECT=1225,-2267.892334,2855.772705,144.754730,0.0,0.0,0.0
OBJECT=1225,-2263.173096,2851.853027,145.154099,0.0,0.0,0.0
OBJECT=1225,-2107.452637,2830.687744,122.755836,0.0,0.0,0.0
OBJECT=1225,-2096.596924,2846.874512,119.992256,0.0,0.0,0.0
OBJECT=1225,-2090.283691,2856.538574,118.284904,0.0,0.0,0.0
OBJECT=1225,-2085.222900,2862.613281,117.674179,0.0,0.0,0.0
OBJECT=1225,-2076.099854,2876.702393,117.672478,0.0,0.0,0.0
OBJECT=1225,-2070.853760,2873.352051,118.193871,0.0,0.0,0.0
OBJECT=1225,-2078.482422,2867.419678,117.962456,0.0,0.0,0.0
OBJECT=1225,-2081.797852,2864.639893,117.942421,0.0,0.0,0.0
OBJECT=1225,-2074.931152,2870.367920,117.995735,0.0,0.0,0.0
OBJECT=1225,-2023.570068,2907.331299,117.502304,0.0,0.0,0.0
OBJECT=1225,-2027.934814,2904.665039,117.502304,0.0,0.0,0.0
OBJECT=1225,-2033.127319,2901.799316,117.513992,0.0,0.0,0.0
OBJECT=1225,-2038.709595,2899.008545,117.502304,0.0,0.0,0.0
OBJECT=1225,-2044.456787,2895.440186,117.502304,0.0,0.0,0.0
OBJECT=1225,-1878.273682,2877.399658,88.311844,0.0,0.0,0.0

; Pickups
; Format:
;	PICKUPREPAIR=x,y,z
;	PICKUPNITRO=x,y,z
;	PICKUPVEHICLE=vehicletype,x,y,z
