
Name=Lol Pwnt
Author=Stalefish
MinLevel=0
JoinCost=2400

; The location of the waiting checkpoint.
; WaitLocation=waitx,waity,waitz
WaitLocation=-1098.367920,404.991058,13.808815

RunTime=900
WinBaseXP=40000
WinBaseCash=50000
Weather=0

; Vehicle Model to race with. Other models: 0=No vehicle, -1=Any vehicle
Vehicle=522

; Checkpoints
; Type=0 is a normal checkpoint
; Type=1 is an air checkpoint
; The params type and size are optional
; Format: CP=x,y,z,type,size
CP=-1663.112915,-170.960999,13.148438,0,2.750000
CP=-1663.112915,-170.960999,13.148438,0,2.750000

; Spawn Points
; If there are no spawn points, races will just be given their vehicle at the checkpoint
; Format: SPAWN=x,y,z,rotz
SPAWN=-1098.367920,404.991058,13.808815,132.0
SPAWN=-1095.378540,401.782684,13.808815,132.0
SPAWN=-1101.222656,408.057709,13.808815,132.0
SPAWN=-1091.261475,396.861694,13.808815,132.0
SPAWN=-1087.543945,394.260315,13.808815,132.0
SPAWN=-1084.591797,391.323822,13.808815,132.0

; Objects
; The last param (viewdistance) is optional
; Format: OBJECT=modelid,x,y,z,rotx,roty,rotz,viewdistance
OBJECT=8656,-1657.515869,-165.536575,14.277454,0.0,0.0,44.99999
OBJECT=8656,-1636.430298,-165.578064,14.277454,0.0,0.0,315.2
OBJECT=8656,-1616.410767,-145.581161,14.277454,0.0,0.0,315.2
OBJECT=8656,-1594.761353,-124.013458,14.277454,0.0,0.0,315.2
OBJECT=8656,-1573.977051,-103.197327,14.277454,0.0,0.0,315.2
OBJECT=8656,-1553.106934,-82.257324,14.277454,0.0,0.0,315.2
OBJECT=8656,-1531.548096,-60.797668,14.277454,0.0,0.0,315.2
OBJECT=8656,-1510.416260,-39.571991,14.277454,0.0,0.0,315.2
OBJECT=8656,-1489.083740,-18.142853,14.269905,0.0,0.0,315.2
OBJECT=8656,-1467.842407,3.024872,14.277454,0.0,0.0,315.2
OBJECT=8656,-1446.639404,24.163284,14.277455,0.0,0.0,315.2
OBJECT=8656,-1425.437622,45.374981,14.277454,0.0,0.0,315.2
OBJECT=8656,-1404.292847,66.539528,14.277454,0.0,0.0,315.2
OBJECT=8656,-1382.894165,87.969307,14.277454,0.0,0.0,315.2
OBJECT=8656,-1363.207886,107.629837,14.277454,0.0,0.0,315.2
OBJECT=8656,-1341.730225,129.072601,14.277454,0.0,0.0,315.2
OBJECT=8656,-1320.550415,150.306824,14.277454,0.0,0.0,315.2
OBJECT=8656,-1299.352173,171.429413,14.277454,0.0,0.0,315.2
OBJECT=8656,-1278.544922,192.524429,14.269907,0.0,0.0,315.2
OBJECT=8656,-1257.089111,213.935181,14.277454,0.0,0.0,315.2
OBJECT=8656,-1235.667969,235.293198,14.277454,0.0,0.0,315.2
OBJECT=8656,-1214.567627,256.433807,14.273211,0.0,0.0,315.2
OBJECT=8656,-1194.032715,276.995789,14.277454,0.0,0.0,315.2
OBJECT=8656,-1173.139893,297.775330,14.277454,0.0,0.0,315.2
OBJECT=8656,-1152.046021,318.821442,14.277454,0.0,0.0,315.2
OBJECT=8656,-1131.074585,339.766449,14.277454,0.0,0.0,315.2
OBJECT=8656,-1109.734131,361.199554,14.277454,0.0,0.0,315.2
OBJECT=8656,-1088.598877,382.320190,14.277454,0.0,0.0,315.2
OBJECT=8656,-1088.705322,403.434570,14.277454,0.0,0.0,44.99999
OBJECT=8656,-1110.141602,404.124420,14.277454,0.0,0.0,315.2
OBJECT=8656,-1131.303101,382.939209,14.277454,0.0,0.0,315.2
OBJECT=8656,-1152.324585,361.858521,14.277454,0.0,0.0,315.2
OBJECT=8656,-1172.992798,341.263428,14.277454,0.0,0.0,315.2
OBJECT=8656,-1194.138672,320.072998,14.277454,0.0,0.0,315.2
OBJECT=8656,-1214.981445,299.201263,14.277454,0.0,0.0,315.2
OBJECT=8656,-1235.571533,278.589417,14.277454,0.0,0.0,315.2
OBJECT=8656,-1256.587891,257.658630,14.277454,0.0,0.0,315.2
OBJECT=8656,-1296.586914,217.558899,14.277454,0.0,0.0,315.2
OBJECT=8656,-1275.700439,238.514053,14.277454,0.0,0.0,315.2
OBJECT=8656,-1316.822144,197.396667,14.277454,0.0,0.0,315.2
OBJECT=8656,-1336.631714,177.585236,14.277454,0.0,0.0,315.2
OBJECT=8656,-1357.772827,156.482498,14.277454,0.0,0.0,315.2
OBJECT=8656,-1378.488770,135.726257,14.269904,0.0,0.0,315.2
OBJECT=8656,-1399.588745,114.803513,14.277454,0.0,0.0,315.2
OBJECT=8656,-1420.539917,93.845543,14.277454,0.0,0.0,315.2
OBJECT=8656,-1441.413940,72.961487,14.277454,0.0,0.0,315.2
OBJECT=8656,-1462.467529,51.885483,14.269905,0.0,0.0,315.2
OBJECT=8656,-1483.574219,30.775856,14.277454,0.0,0.0,315.2
OBJECT=8656,-1504.637695,9.737061,14.269905,0.0,0.0,315.2
OBJECT=8656,-1524.615234,-10.250916,14.269905,0.0,0.0,315.2
OBJECT=8656,-1545.585815,-31.246231,14.277454,0.0,0.0,315.2
OBJECT=8656,-1566.744629,-52.421036,14.272982,0.0,0.0,315.2
OBJECT=8656,-1587.570313,-73.188965,14.277454,0.0,0.0,315.2
OBJECT=8656,-1609.059326,-94.640579,14.277454,0.0,0.0,315.2
OBJECT=8656,-1630.521729,-116.069824,14.277454,0.0,0.0,315.2
OBJECT=8656,-1647.272827,-132.788086,14.277454,0.0,0.0,315.2
OBJECT=8656,-1658.149170,-143.987762,14.277454,0.0,0.0,315.2
OBJECT=1225,-1268.941895,208.914154,13.554193,0.0,0.0,0.0
OBJECT=1225,-1277.214722,211.045013,13.546643,0.0,0.0,0.0
OBJECT=1225,-1286.694946,212.822510,13.546643,0.0,0.0,0.0
OBJECT=1225,-1294.356323,213.178619,13.546643,0.0,0.0,0.0
OBJECT=3374,-1352.958862,121.391197,14.634865,0.0,0.0,315.2
OBJECT=3374,-1355.940308,124.569801,14.642414,0.0,0.0,315.2
OBJECT=3374,-1359.093018,127.668503,14.642413,0.0,0.0,315.2
OBJECT=3374,-1362.024170,130.625244,14.634864,0.0,0.0,315.2
OBJECT=3374,-1365.082520,133.505600,14.642414,0.0,0.0,315.2
OBJECT=3374,-1368.082642,136.450439,14.642414,0.0,0.0,315.2
OBJECT=3374,-1371.098389,139.314972,14.642414,0.0,0.0,315.2
OBJECT=2780,-1286.541748,213.160355,13.140889,0.0,0.0,0.0
OBJECT=2780,-1277.619751,210.976517,13.140888,0.0,0.0,0.0
OBJECT=16776,-1540.766602,-34.369202,14.899281,0.0,0.0,44.99999
OBJECT=16776,-1526.886353,-47.863007,14.899281,0.0,0.0,225.7
OBJECT=973,-1531.096069,-29.948929,13.988658,0.0,0.0,247.50007
OBJECT=973,-1527.046143,-22.404160,13.988658,0.0,0.0,236.25010
OBJECT=973,-1522.415894,-15.508453,13.988658,0.0,0.0,236.25010
OBJECT=973,-1517.906494,-8.775948,13.988658,0.0,0.0,236.25010
OBJECT=973,-1513.465454,-2.112808,13.988658,0.0,0.0,236.25010
OBJECT=973,-1522.569214,-38.392944,13.988658,0.0,0.0,22.50019
OBJECT=973,-1514.670532,-34.118652,13.988658,0.0,0.0,33.75013
OBJECT=973,-1507.796631,-29.546097,13.988658,0.0,0.0,33.75013
OBJECT=973,-1500.554932,-24.732658,13.988658,0.0,0.0,33.75013
OBJECT=973,-1493.637207,-20.135658,13.988658,0.0,0.0,33.75013
OBJECT=11470,-1518.120605,-40.716568,18.203215,0.0,0.0,315.9
OBJECT=11470,-1533.273071,-25.999268,18.203215,0.0,0.0,315.9
OBJECT=1225,-1362.731445,132.857910,13.554193,0.0,0.0,0.0
OBJECT=1225,-1359.576050,130.126770,13.554193,0.0,0.0,0.0
OBJECT=1225,-1353.722900,123.761505,13.546643,0.0,0.0,0.0
OBJECT=1225,-1368.486206,138.933609,13.554193,0.0,0.0,0.0
OBJECT=1225,-1364.301392,128.461304,13.546643,0.0,0.0,0.0
OBJECT=1225,-1355.295288,119.512512,13.554193,0.0,0.0,0.0
OBJECT=1225,-1373.539551,136.904572,13.554193,0.0,0.0,0.0
OBJECT=1340,-1445.080444,35.467014,14.276024,0.0,0.0,78.74999
OBJECT=1340,-1453.415283,37.715164,14.276024,0.0,0.0,22.49999
OBJECT=1340,-1452.830811,49.522415,14.276024,0.0,0.0,0.0
OBJECT=1340,-1439.833252,53.780819,14.276024,0.0,0.0,337.50002
OBJECT=1340,-1440.524902,45.788059,14.276024,0.0,0.0,337.50002
OBJECT=1340,-1462.892822,40.035019,14.268475,0.0,0.0,337.50002
OBJECT=1340,-1457.893921,26.597984,14.268473,0.0,0.0,337.50002
OBJECT=1340,-1444.897095,61.287315,14.276024,0.0,0.0,337.50002
OBJECT=1340,-1430.136230,53.509048,14.276026,0.0,0.0,337.50002
OBJECT=1257,-1496.046631,15.955620,14.427629,0.0,0.0,135.12
OBJECT=1211,-1527.758301,-40.160156,13.759244,0.0,0.0,0.0
OBJECT=1211,-1528.878784,-39.150452,13.759244,0.0,0.0,0.0
OBJECT=1211,-1532.036987,-36.513397,13.759244,0.0,0.0,0.0
OBJECT=1211,-1530.857910,-37.488068,13.759244,0.0,0.0,0.0
OBJECT=1211,-1531.382568,-36.998016,13.759244,0.0,0.0,0.0
OBJECT=1211,-1533.255859,-35.533127,13.759244,0.0,0.0,0.0
OBJECT=1211,-1532.851807,-36.012726,13.759244,0.0,0.0,0.0
OBJECT=1211,-1530.064819,-38.010117,13.759244,0.0,0.0,0.0
OBJECT=1211,-1529.441895,-38.652496,13.759244,0.0,0.0,0.0
OBJECT=1211,-1528.363281,-39.721405,13.759244,0.0,0.0,0.0
OBJECT=619,-1437.206665,28.180504,13.297831,49.84727,0.0,247.50019
OBJECT=619,-1465.820190,51.850163,13.297831,49.84727,0.0,78.75038
OBJECT=623,-1471.701416,41.525154,13.414185,338.51409,0.0,270.4
OBJECT=623,-1453.449463,18.584229,13.414185,338.51409,0.0,0.18
OBJECT=2780,-1430.079346,54.057880,14.113426,0.0,0.0,0.0
OBJECT=2780,-1439.602905,54.078842,14.113424,0.0,0.0,0.0
OBJECT=2780,-1444.415649,60.999615,14.113424,0.0,0.0,0.0
OBJECT=2780,-1452.084106,40.851212,13.148438,0.0,0.0,0.0
OBJECT=643,-1579.177856,-96.471451,13.618909,0.0,0.0,0.0
OBJECT=643,-1594.557495,-98.915611,13.614436,0.0,0.0,0.0
OBJECT=643,-1588.654053,-86.599335,13.618909,0.0,0.0,0.0
OBJECT=2530,-1577.170654,-84.520416,13.132719,0.0,0.0,135.6
OBJECT=7916,-1352.647705,127.402092,16.979637,0.0,0.0,123.74991
OBJECT=1655,-1653.398682,-146.793213,14.448549,4.29718,0.0,135.12
OBJECT=1655,-1645.841919,-153.836639,14.448549,6.1605,0.0,135.12
OBJECT=1655,-1638.632568,-160.659775,14.448549,6.1605,0.0,135.12
OBJECT=4238,-1657.770020,-147.989578,18.286945,0.0,0.0,348.75010
OBJECT=4238,-1639.406738,-165.261124,18.557114,0.0,0.0,348.75010
OBJECT=13666,-1319.264160,185.548889,17.928764,0.0,0.0,146.25009
OBJECT=13666,-1312.323242,179.956665,18.053762,0.0,0.0,146.25009
OBJECT=13666,-1306.430786,173.824402,18.146212,0.0,0.0,146.25009
OBJECT=1225,-1308.051758,181.845779,22.101151,0.0,237.10064,44.99999
OBJECT=1225,-1308.675171,182.418961,22.093679,0.0,237.10064,44.99999
OBJECT=1225,-1309.289185,182.996414,22.075130,0.0,237.10064,44.99999
OBJECT=1225,-1309.906250,183.511734,22.113075,0.0,237.10064,44.99999

; Pickups
; Format:
;	PICKUPREPAIR=x,y,z
;	PICKUPNITRO=x,y,z
;	PICKUPVEHICLE=vehicletype,x,y,z
