
WaitLocation=1403.5452,-2542.9092,13.5469
MinLevel=0
JoinCost=10000
WinBaseXP=500000
WinBaseCash=650000

Name=lolbjects
Author=AFX
RunTime=300
Weather=1
Time=7:0

Vehicle=522

SPAWN=1380.498657,-2543.104492,16.894753,271
SPAWN=1380.128052,-2552.340332,16.902565,271
SPAWN=1379.971802,-2533.66333,16.894753,271
SPAWN=1381.172363,-2538.280029,13.207253,271
SPAWN=1381.478882,-2547.835205,13.207253,271
SPAWN=1376.850586,-2543.25,16.894753,271
SPAWN=1376.738647,-2552.344727,16.902565,271
SPAWN=1376.531738,-2533.525879,16.894753,271
SPAWN=1377.962402,-2538.369629,13.207253,271
SPAWN=1377.80603,-2547.933838,13.207253,271
SPAWN=1384.074097,-2542.935059,16.887424,271
SPAWN=1384.730713,-2538.114746,13.207253,271
SPAWN=1385.021606,-2547.928711,13.207253,271
SPAWN=1383.852417,-2552.369385,16.895864,271
SPAWN=1383.779175,-2533.455811,16.894753,271

CP=1437.809814,-2542.137939,16.717834,0,8
CP=1543.553711,-2542.817627,45.796265,1,4
CP=1580.955444,-2550.405762,62.190544,1,4
CP=1742.782959,-2514.463623,98.70472,1,4
CP=1756.312988,-2511.997803,120.90551,0,8
CP=1841.484497,-2441.676758,149.408066,1,8
CP=1888.733154,-2387.383545,199.130142,0,16
CP=1835.584106,-2449.070068,156.586456,0,8,411
CP=1685.068604,-2680.190918,159.236252,1,8
CP=1547.804565,-2932.952637,35.091537,0,31.6
CP=1445.574219,-2976.873779,24.929577,0,31.6
CP=1382.55542,-2850.975098,24.927113,0,31.6
CP=1436.22998,-2459.071777,12.554688,0,31.6

OBJECT=7073,1438.977173,-2542.749756,15.463646,0,76.4897823042,0
OBJECT=7073,1465.970093,-2541.355957,23.458704,69.6142911042,0,89.3813283042
OBJECT=7073,1480.321777,-2541.533447,32.197983,69.6142911042,0,89.3813283042
OBJECT=7073,1511.346191,-2541.920898,31.163073,109.148365504,0,89.3813283042
OBJECT=7073,1525.662598,-2542.138916,30.133154,249.132647104,0,89.3813283042
OBJECT=7392,1544.012451,-2544.400635,49.925243,0,0,0
OBJECT=7073,1539.428101,-2542.232666,37.639751,65.3171091042,0,89.3813283042
OBJECT=7392,1543.987305,-2544.225098,43.98283,0,67.8954183042,0
OBJECT=7392,1557.773804,-2548.766113,49.478279,354.8433816,112.793579051,172.642635617
OBJECT=7392,1571.633545,-2548.065918,55.679897,0,64.4577872958,352.161335392
OBJECT=1395,1630.600952,-2550.463135,70.051826,0,257.727011104,0
OBJECT=1395,1678.165161,-2541.440918,80.470367,0,257.727011104,10.3132368
OBJECT=1395,1726.64917,-2521.466309,92.089874,0,257.727011104,23.2047828
OBJECT=3279,1747.031372,-2516.655762,96.847397,0,0,203.582804383
OBJECT=16640,1748.745728,-2509.440186,116.974503,0,354.8433816,25.783092
OBJECT=16640,1736.947266,-2515.281494,120.412964,0,0,206.1608844
OBJECT=12990,1759.038208,-2510.64917,120.792137,0,354.8433816,293.823454496
OBJECT=12990,1770.197754,-2505.742432,121.577065,5.1566184,0,293.823454496
OBJECT=12990,1794.334595,-2492.424072,124.838242,8.594364,353.1245088,304.136691296
OBJECT=12990,1814.701416,-2473.590332,127.410942,3.4377456,349.6867632,320.4659256
OBJECT=6295,1833.221802,-2454.348877,131.232285,358.2811272,298.120636496,231.084425408
OBJECT=16401,1840.491577,-2442.986084,140.874176,0,338.51409,46.4095083042
OBJECT=17533,1876.781128,-2408.348633,172.154572,0,264.602674192,48.8841377915
OBJECT=17533,1880.147461,-2404.468018,184.476913,0,242.257327792,48.8841377915
OBJECT=17533,1890.640259,-2392.80542,208.112991,0,217.333500304,48.0247013915
OBJECT=17533,1885.571045,-2384.412598,200.323242,0,0,228.506058913
OBJECT=17500,1793.064087,-2502.957031,160.410904,0,0,50.7067476
OBJECT=17500,1719.362305,-2612.531494,160.307068,0,0,242.361122096
OBJECT=8356,1597.5177,-2841.20752,68.751099,24.0642192,0,331.6385988
OBJECT=8356,1565.181763,-2900.359863,43.034958,15.4698552,0,331.6385988
OBJECT=8356,1559.578857,-2910.751221,38.905319,8.594364,0,331.6385988
OBJECT=8356,1441.929565,-2973.488525,24.953014,0,0,241.397834096
OBJECT=8356,1381.920898,-2855.794434,24.95055,0,0,172.642807504
OBJECT=8356,1394.046265,-2762.162109,24.948086,0,0,172.642807504
OBJECT=3268,1404.526489,-2670.380371,18.499674,0,0,353.1245088
OBJECT=3268,1406.419312,-2654.591064,24.425838,12.891546,0,353.1245088
OBJECT=3268,1407.608643,-2645.009277,30.42359,24.9236556,0,353.1245088
OBJECT=8356,1432.470459,-2991.155029,44.683262,0,269.759235296,241.397834096

PICKUPREPAIR=1836.152222,-2466.01001,157.659668
PICKUPREPAIR=1832.529419,-2464.047607,157.633713
PICKUPREPAIR=1829.135986,-2461.852539,157.618637
PICKUPREPAIR=1825.403198,-2459.375488,157.603683
PICKUPREPAIR=1821.467896,-2457.147949,157.577972
PICKUPREPAIR=1817.662231,-2454.877686,157.556107
PICKUPNITRO=1833.602905,-2469.913086,157.504532
PICKUPNITRO=1829.751465,-2468.05542,157.471008
PICKUPNITRO=1825.960327,-2465.848145,157.44783
PICKUPNITRO=1822.202515,-2463.779785,157.421753
PICKUPNITRO=1818.244507,-2460.967285,157.410706
PICKUPNITRO=1814.313721,-2458.123779,157.401047

