; Converted Tue, 11 May 10 08:21:38 -0400

; The location of the waiting checkpoint. WaitLocation=x,y,z,interior
WaitLocation=1476.736206,1346.923706,10.628123
MinLevel=0
JoinCost=3000
WinBaseXP=300000
WinBaseCash=300000

Name=Loopy Stunts
Author=Mouldy
Description=Dont Blow Up
RunTime=1000
Weather=1
Time=12

; Vehicle Model to race with. Other models: 0=No vehicle, -1=Any vehicle
Vehicle=411

; If there are no spawn points, races will just be given their vehicle at the checkpoint
; vehicletype param is optional.
; Format: SPAWN=x,y,z,rotz,vehicletype
SPAWN=73.403404,-12.672044,32.496658,360
SPAWN=70.002991,-11.560308,32.496658,360
SPAWN=65.249741,-11.157827,32.346649,360
SPAWN=72.963196,-5.102407,32.346649,360
SPAWN=70.160492,-5.507272,32.346649,360
SPAWN=66.828453,-4.121494,32.346649,360
SPAWN=73.322701,1.360923,32.346649,360
SPAWN=69.42939,0.457935,32.346649,360
SPAWN=67.039162,2.594992,32.346649,360
SPAWN=72.744896,13.321323,32.346649,360
SPAWN=68.450188,13.021072,32.496658,11
SPAWN=70.483177,7.245518,32.496658,11

; Type = 0 is a normal checkpoint. Type = 1 is an air checkpoint.
; The params type,size,vehicletype,vehiclehp and gravity are optional.
; Format: CP=x,y,z,type,size,vehicletype,vehiclehp,gravity
CP=44.368256,52.227882,35.200455,1,20
CP=-61.148457,39.929035,31.049667,1,20
CP=-43.440575,-55.51165,30.916142,1,20
CP=58.830719,-39.442368,30.917288,1,20
CP=41.069595,58.262417,30.801357,1,20
CP=-63.794106,34.842464,30.991529,1,20
CP=-41.734596,-57.927132,31.14456,1,20
CP=67.538155,-27.222059,31.383217,1,20
CP=40.96735,58.061642,30.818373,1,20
CP=-60.729374,40.807152,31.07659,1,20
CP=-40.491302,-56.533802,30.828762,1,20
CP=61.7897,-34.983944,30.935322,1,20
CP=44.368256,52.227882,35.200455,1,20
CP=-61.148457,39.929035,31.049667,1,20
CP=-43.440575,-55.51165,30.916142,1,20
CP=58.830719,-39.442368,30.917288,1,20
CP=41.069595,58.262417,30.801357,1,20
CP=-63.794106,34.842464,30.991529,1,20
CP=-41.734596,-57.927132,31.14456,1,20
CP=67.538155,-27.222059,31.383217,1,20
CP=40.96735,58.061642,30.818373,1,20
CP=-60.729374,40.807152,31.07659,1,20
CP=-40.491302,-56.533802,30.828762,1,20
CP=61.7897,-34.983944,30.935322,1,20
CP=44.368256,52.227882,35.200455,1,20
CP=-61.148457,39.929035,31.049667,1,20
CP=-43.440575,-55.51165,30.916142,1,20
CP=58.830719,-39.442368,30.917288,1,20
CP=41.069595,58.262417,30.801357,1,20
CP=-63.794106,34.842464,30.991529,1,20
CP=-41.734596,-57.927132,31.14456,1,20
CP=67.538155,-27.222059,31.383217,1,20
CP=40.96735,58.061642,30.818373,1,20
CP=-60.729374,40.807152,31.07659,1,20
CP=-40.491302,-56.533802,30.828762,1,20
CP=61.7897,-34.983944,30.935322,1,20
CP=44.368256,52.227882,35.200455,1,20
CP=-61.148457,39.929035,31.049667,1,20
CP=-43.440575,-55.51165,30.916142,1,20
CP=58.830719,-39.442368,30.917288,1,20
CP=41.069595,58.262417,30.801357,1,20
CP=-63.794106,34.842464,30.991529,1,20
CP=-41.734596,-57.927132,31.14456,1,20
CP=67.538155,-27.222059,31.383217,1,20
CP=40.96735,58.061642,30.818373,1,20
CP=-60.729374,40.807152,31.07659,1,20
CP=-40.491302,-56.533802,30.828762,1,20
CP=61.7897,-34.983944,30.935322,1,20
CP=43.807243,55.791977,32.1679,0,20

; Format: OBJECT=modelid,x,y,z,rotx,roty,rotz
OBJECT=13592,0.7331,69.996201,40,0,0,96.4001162
OBJECT=13592,-2.1987,69.9655,40,0,0,98.800089312
OBJECT=13592,-5.1266,69.811996,40,0,0,101.200781656
OBJECT=13592,-8.0456,69.536102,40,0,0,103.601474
OBJECT=13592,-10.9504,69.138199,40,0,0,106.002166344
OBJECT=13592,-13.836,68.619003,40,0,0,108.402858688
OBJECT=13592,-16.6973,67.979401,40,0,0,110.797821456
OBJECT=13592,-19.529301,67.220596,40,0,0,113.1985138
OBJECT=13592,-22.327101,66.343803,40,0,0,115.599206144
OBJECT=13592,-25.085699,65.350601,40,0,0,117.999898488
OBJECT=13592,-27.800301,64.242798,40,0,0,120.400590832
OBJECT=13592,-30.466101,63.022301,40,0,0,122.801283176
OBJECT=13592,-33.078499,61.691299,40,0,0,125.20197552
OBJECT=13592,-35.6329,60.251999,40,0,0,127.602667864
OBJECT=13592,-38.124699,58.707001,40,0,0,129.997630632
OBJECT=13592,-40.549702,57.058998,40,0,0,132.398322976
OBJECT=13592,-42.9035,55.310902,40,0,0,134.79901532
OBJECT=13592,-45.181999,53.465698,40,0,0,137.199707664
OBJECT=13592,-47.381302,51.526798,40,0,0,139.600400008
OBJECT=13592,-49.497501,49.497501,40,0,0,142.001092352
OBJECT=13592,-51.526798,47.381302,40,0,0,144.401784696
OBJECT=13592,-53.465698,45.182098,40,0,0,146.80247704
OBJECT=13592,-55.310799,42.9035,40,0,0,149.197439808
OBJECT=13592,-57.058899,40.549702,40,0,0,151.598132152
OBJECT=13592,-58.706902,38.124802,40,0,0,153.998824496
OBJECT=13592,-60.2519,35.6329,40,0,0,156.39951684
OBJECT=13592,-61.6912,33.078602,40,0,0,158.800209184
OBJECT=13592,-63.022301,30.4662,40,0,0,161.200901528
OBJECT=13592,-64.242798,27.8004,40,0,0,163.601593872
OBJECT=13592,-65.350601,25.0858,40,0,0,166.002286216
OBJECT=13592,-66.343803,22.3272,40,0,0,168.397248984
OBJECT=13592,-67.220596,19.5294,40,0,0,170.797941328
OBJECT=13592,-67.979401,16.697399,40,0,0,173.198633672
OBJECT=13592,-68.619003,13.836,40,0,0,175.599326016
OBJECT=13592,-69.138199,10.9504,40,0,0,178.00001836
OBJECT=13592,-69.536102,8.0456,40,0,0,180.400710704
OBJECT=13592,-69.811996,5.1267,40,0,0,182.801403048
OBJECT=13592,-69.9655,2.1988,40,0,0,185.202095392
OBJECT=13592,-69.996201,-0.733,40,0,0,187.602787736
OBJECT=13592,-69.904099,-3.6635,40,0,0,189.997750504
OBJECT=13592,-69.689301,-6.5876,40,0,0,192.398442848
OBJECT=13592,-69.352402,-9.5001,40,0,0,194.799135192
OBJECT=13592,-68.8937,-12.3959,40,0,0,197.199827536
OBJECT=13592,-68.314201,-15.27,40,0,0,199.60051988
OBJECT=13592,-67.614799,-18.1173,40,0,0,202.001212224
OBJECT=13592,-66.796799,-20.9328,40,0,0,204.401904568
OBJECT=13592,-65.861702,-23.711599,40,0,0,206.802596912
OBJECT=13592,-64.810997,-26.448799,40,0,0,209.19755968
OBJECT=13592,-63.6465,-29.139601,40,0,0,211.598252024
OBJECT=13592,-62.370499,-31.779301,40,0,0,213.998944368
OBJECT=13592,-60.985001,-34.363201,40,0,0,216.399636712
OBJECT=13592,-59.4925,-36.886902,40,0,0,218.800329056
OBJECT=13592,-57.895699,-39.345798,40,0,0,221.2010214
OBJECT=13592,-56.197201,-41.735699,40,0,0,223.601713744
OBJECT=13592,-54.4002,-44.052399,40,0,0,226.002406088
OBJECT=13592,-52.507801,-46.291801,40,0,0,228.397368856
OBJECT=13592,-50.523201,-48.450001,40,0,0,230.7980612
OBJECT=13592,-48.450001,-50.523201,40,0,0,233.198753544
OBJECT=13592,-46.291901,-52.507801,40,0,0,235.599445888
OBJECT=13592,-44.052502,-54.4002,40,0,0,238.000138232
OBJECT=13592,-41.735802,-56.197201,40,0,0,240.400830576
OBJECT=13592,-39.345901,-57.895599,40,0,0,242.80152292
OBJECT=13592,-36.886902,-59.4925,40,0,0,245.202215264
OBJECT=13592,-34.3633,-60.985001,40,0,0,247.597178032
OBJECT=13592,-31.7794,-62.370399,40,0,0,249.997870376
OBJECT=13592,-29.1397,-63.6465,40,0,0,252.39856272
OBJECT=13592,-26.4489,-64.810898,40,0,0,254.799255064
OBJECT=13592,-23.7117,-65.861603,40,0,0,257.199947408
OBJECT=13592,-20.932899,-66.796799,40,0,0,259.600639752
OBJECT=13592,-18.117399,-67.614799,40,0,0,262.001332096
OBJECT=13592,-15.2701,-68.314201,40,0,0,264.40202444
OBJECT=13592,-12.396,-68.8937,40,0,0,266.802716784
OBJECT=13592,-9.5001,-69.352303,40,0,0,269.197679552
OBJECT=13592,-6.5876,-69.689301,40,0,0,271.598371896
OBJECT=13592,-3.6635,-69.904099,40,0,0,273.99906424
OBJECT=13592,-0.7331,-69.996201,40,0,0,276.399756584
OBJECT=13592,2.1987,-69.9655,40,0,0,278.800448928
OBJECT=13592,5.1266,-69.811996,40,0,0,281.201141272
OBJECT=13592,8.0456,-69.536102,40,0,0,283.601833616
OBJECT=13592,10.9504,-69.138199,40,0,0,286.00252596
OBJECT=13592,13.836,-68.619003,40,0,0,288.397488728
OBJECT=13592,16.6973,-67.979401,40,0,0,290.798181072
OBJECT=13592,19.529301,-67.220596,40,0,0,293.198873416
OBJECT=13592,22.327101,-66.343803,40,0,0,295.59956576
OBJECT=13592,25.085699,-65.350601,40,0,0,298.000258104
OBJECT=13592,27.800301,-64.242798,40,0,0,300.400950448
OBJECT=13592,30.466101,-63.022301,40,0,0,302.801642792
OBJECT=13592,33.078499,-61.691299,40,0,0,305.202335136
OBJECT=13592,35.6329,-60.251999,40,0,0,307.597297904
OBJECT=13592,38.124699,-58.707001,40,0,0,309.997990248
OBJECT=13592,40.549702,-57.058998,40,0,0,312.398682592
OBJECT=13592,42.9035,-55.310902,40,0,0,314.799374936
OBJECT=13592,45.181999,-53.465698,40,0,0,317.20006728
OBJECT=13592,47.381302,-51.526798,40,0,0,319.600759624
OBJECT=13592,49.497501,-49.497501,40,0,0,322.001451968
OBJECT=13592,51.526798,-47.381302,40,0,0,324.402144312
OBJECT=13592,53.465698,-45.182098,40,0,0,326.802836656
OBJECT=13592,55.310799,-42.9035,40,0,0,329.197799424
OBJECT=13592,57.058899,-40.549702,40,0,0,331.598491768
OBJECT=13592,58.706902,-38.124802,40,0,0,333.999184112
OBJECT=13592,60.2519,-35.6329,40,0,0,336.399876456
OBJECT=13592,61.6912,-33.078602,40,0,0,338.8005688
OBJECT=13592,63.022301,-30.4662,40,0,0,341.201261144
OBJECT=13592,64.242798,-27.8004,40,0,0,343.601953488
OBJECT=13592,65.350601,-25.0858,40,0,0,346.002645832
OBJECT=13592,66.343803,-22.3272,40,0,0,348.3976086
OBJECT=13592,67.220596,-19.5294,40,0,0,350.798300944
OBJECT=13592,67.979401,-16.697399,40,0,0,353.198993288
OBJECT=13592,68.619003,-13.836,40,0,0,355.599685632
OBJECT=13592,69.138199,-10.9504,40,0,0,358.000377976
OBJECT=13592,69.536102,-8.0456,40,0,0,0.40107032
OBJECT=13592,69.811996,-5.1267,40,0,0,2.801762664
OBJECT=13592,69.9655,-2.1988,40,0,0,5.202455008
OBJECT=13592,69.996201,0.733,40,0,0,7.597417776
OBJECT=13592,69.904099,3.6635,40,0,0,9.99811012
OBJECT=13592,69.689301,6.5876,40,0,0,12.398802464
OBJECT=13592,69.352402,9.5001,40,0,0,14.799494808
OBJECT=13592,68.8937,12.3959,40,0,0,17.200187152
OBJECT=13592,68.314201,15.27,40,0,0,19.600879496
OBJECT=13592,67.614799,18.1173,40,0,0,22.00157184
OBJECT=13592,66.796799,20.9328,40,0,0,24.402264184
OBJECT=13592,65.861702,23.711599,40,0,0,26.797226952
OBJECT=13592,64.810997,26.448799,40,0,0,29.197919296
OBJECT=13592,63.6465,29.139601,40,0,0,31.59861164
OBJECT=13592,62.370499,31.779301,40,0,0,33.999303984
OBJECT=13592,60.985001,34.363201,40,0,0,36.399996328
OBJECT=13592,59.4925,36.886902,40,0,0,38.800688672
OBJECT=13592,57.895699,39.345798,40,0,0,41.201381016
OBJECT=13592,56.197201,41.735699,40,0,0,43.60207336
OBJECT=13592,54.4002,44.052399,40,0,0,46.002765704
OBJECT=13592,52.507801,46.291801,40,0,0,48.397728472
OBJECT=13592,50.523201,48.450001,40,0,0,50.798420816
OBJECT=13592,48.450001,50.523201,40,0,0,53.19911316
OBJECT=13592,46.291901,52.507801,40,0,0,55.599805504
OBJECT=13592,44.052502,54.4002,40,0,0,58.000497848
OBJECT=13592,41.735802,56.197201,40,0,0,60.401190192
OBJECT=13592,39.345901,57.895599,40,0,0,62.801882536
OBJECT=13592,36.886902,59.4925,40,0,0,65.20257488
OBJECT=13592,34.3633,60.985001,40,0,0,67.597537648
OBJECT=13592,31.7794,62.370399,40,0,0,69.998229992
OBJECT=13592,29.1397,63.6465,40,0,0,72.398922336
OBJECT=13592,26.4489,64.810898,40,0,0,74.79961468
OBJECT=13592,23.7117,65.861603,40,0,0,77.200307024
OBJECT=13592,20.932899,66.796799,40,0,0,79.600999368
OBJECT=13592,18.117399,67.614799,40,0,0,82.001691712
OBJECT=13592,15.2701,68.314201,40,0,0,84.402384056
OBJECT=13592,12.396,68.8937,40,0,0,86.797346824
OBJECT=13592,9.5001,69.352303,40,0,0,89.198039168
OBJECT=13592,6.5876,69.689301,40,0,0,91.598731512
OBJECT=13592,3.6635,69.904099,40,0,0,93.999423856
OBJECT=8417,59.442326,68.823143,32.819939,91.1002011042,0,230.156749758
OBJECT=8417,-4.711513,71.241989,21.913486,91.1002011042,0,286.406690251
OBJECT=8417,-30.550449,43.134056,32.297707,91.1002011042,0,308.906677907
OBJECT=8417,-70.439804,-33.702179,54.449249,91.1002011042,0,27.656663352
OBJECT=8417,-25.805479,-65.239929,20.426731,91.1002011042,0,72.6566386645
OBJECT=8417,18.501015,-65.786331,30.842621,154.698609296,0,128.906636453
OBJECT=8417,82.054092,-19.263149,25.667549,85.0840317127,0,162.656729494
OBJECT=1383,66.632393,-39.097458,56.148792,0,0,315.000024688
OBJECT=1383,-59.078728,-38.060158,58.385063,0,0,303.750002212
OBJECT=1383,-73.357597,-14.481998,38.479652,275.775290096,0,326.249989868
OBJECT=1383,-62.84362,44.36676,37.343796,275.775290096,0,67.5000458774
OBJECT=1383,8.56884,67.095062,37.742012,275.775290096,0,45.0000582211
OBJECT=1383,37.21685,75.206703,34.996414,275.775290096,359.1405636,101.25005601
OBJECT=1383,3.83667,68.663414,68.749168,172.64246373,359.1405636,101.25005601
OBJECT=1383,73.296783,33.167274,35.779144,268.899798896,359.1405636,106.329210542
OBJECT=1383,-1.063907,-71.665649,41.269958,347.9678904,307.574436896,34.0681161918

; Format:
; 	PICKUPREPAIR=x,y,z
; 	PICKUPNITRO=x,y,z
; 	PICKUPVEHICLE=vehicletype,x,y,z
PICKUPNITRO=64.082512,28.680628,32.284863
PICKUPREPAIR=64.101357,28.764521,32.288815