Name=LR-yoyo 6
MinLevel=0
JoinCost=0

; The location of the waiting checkpoint.
; WaitLocation=waitx,waity,waitz
WaitLocation=0,0,4

RunTime=600
WinBaseXP=0
WinBaseCash=0
Weather=0

; Vehicle Model to race with. Other models: 0=No vehicle, -1=Any vehicle
Vehicle=409

; Checkpoints
; Type=0 is a normal checkpoint
; Type=1 is an air checkpoint
; The params type and size are optional
; Format: CP=x,y,z,type,size
CP=2211.277344,-1864.974854,572.817932,1,18.85001,473
CP=2212.393311,-1780.565063,505.828644,1,18.85001
CP=2212.269287,-1501.022461,342.152466,1,18.85001,522
CP=2210.937500,-1435.795898,351.494995,1,18.85001,539
CP=2254.028076,-1087.908936,305.183777,1,0.0
CP=2255.803223,-1063.242065,175.347473,1,0.0
CP=2147.655273,-1174.152710,79.034203,1,13.25000
CP=1842.239380,-1174.225708,90.566994,1,11.50001
CP=1682.827026,-1174.081665,101.476166,1,9.75001
CP=1590.712036,-1174.356689,78.115845,1,9.75001
CP=1906.508057,-1174.145020,96.513458,1,9.75001
CP=2337.226318,-1174.114136,96.198189,1,11.25000
CP=2432.519043,-1174.084595,96.185135,1,9.0,463
CP=2693.137207,-1174.049438,96.157936,1,9.75001,473
CP=2779.567139,-1147.915161,33.515823,1,18.85001

; Spawn Points
; If there are no spawn points, races will just be given their vehicle at the checkpoint
; Format: SPAWN=x,y,z,rotz
SPAWN=2228.523438,-1766.883911,1289.956543,178.0
SPAWN=2225.854004,-1766.818115,1289.956543,178.0
SPAWN=2223.172363,-1766.725830,1289.956543,182.0
SPAWN=2220.437744,-1766.693604,1289.956543,178.0
SPAWN=2217.610840,-1766.679321,1289.956543,178.0
SPAWN=2214.837891,-1766.640869,1289.964355,178.0
SPAWN=2212.066650,-1766.593994,1289.956543,178.0
SPAWN=2209.309326,-1766.504761,1289.964355,178.0
SPAWN=2206.405273,-1766.702881,1289.956543,182.0
SPAWN=2203.593994,-1766.695313,1289.956543,178.0
SPAWN=2200.712646,-1766.758301,1289.956543,178.0
SPAWN=2197.884033,-1766.594238,1289.956543,178.0
SPAWN=2197.498047,-2197.582275,1289.960327,360.0
SPAWN=2200.285645,-2197.665527,1289.960327,360.0
SPAWN=2203.244385,-2197.653076,1289.960327,360.0
SPAWN=2206.122803,-2197.466309,1289.960327,360.0
SPAWN=2209.145508,-2197.269775,1289.960327,360.0
SPAWN=2211.956055,-2197.370361,1289.960327,360.0
SPAWN=2214.817139,-2197.249268,1289.960327,360.0
SPAWN=2217.908691,-2197.212891,1289.960327,360.0
SPAWN=2221.080811,-2197.492920,1289.960327,360.0
SPAWN=2224.074707,-2197.446533,1289.960327,360.0
SPAWN=2226.923096,-2197.546631,1289.960327,360.0
SPAWN=2230.263184,-2197.647949,1289.968140,360.0
SPAWN=2211.933838,-2206.819580,1289.960327,360.0
SPAWN=2209.010742,-2206.740967,1289.960327,360.0
SPAWN=2206.170898,-2206.645752,1289.960327,360.0
SPAWN=2214.988037,-2206.549316,1289.960327,360.0
SPAWN=2212.057861,-1756.909546,1289.956543,178.0
SPAWN=2215.037109,-1757.075928,1289.964355,178.0
SPAWN=2209.086670,-1756.896118,1289.956543,178.0
SPAWN=2217.922363,-1757.325073,1289.956543,178.0

; Objects
; The last param (viewdistance) is optional
; Format: OBJECT=modelid,x,y,z,rotx,roty,rotz,viewdistance
OBJECT=8357,2213.277588,-1846.617920,1289.047119,0.0,0.0,0.0
OBJECT=1655,2228.926270,-1949.705811,1290.340942,0.0,0.0,180.9
OBJECT=1655,2220.224854,-1949.661377,1290.331665,0.0,0.0,180.9
OBJECT=1655,2211.534668,-1949.635498,1290.331665,0.0,0.0,180.9
OBJECT=1655,2203.089355,-1949.609253,1290.331665,0.0,0.0,180.9
OBJECT=1655,2194.989746,-1949.591797,1290.331665,0.0,0.0,180.9
OBJECT=8357,2213.309326,-2111.795898,1289.050903,0.0,0.0,0.0
OBJECT=1655,2229.406738,-2009.484619,1290.335449,0.0,0.0,0.0
OBJECT=1655,2221.118408,-2009.493408,1290.335449,0.0,0.0,0.0
OBJECT=1655,2212.410889,-2009.502563,1290.335449,0.0,0.0,0.0
OBJECT=1655,2204.366943,-2009.492310,1290.335449,0.0,0.0,0.0
OBJECT=1655,2195.803955,-2009.489258,1290.335449,0.0,0.0,0.0
OBJECT=8489,2204.493652,-2009.326416,1266.149170,0.0,0.0,0.0
OBJECT=8489,2222.193359,-1948.768188,1266.133545,0.0,0.0,180.4
OBJECT=8419,2245.174561,-1978.448242,1205.880493,90.24083,0.0,270.4
OBJECT=8419,2215.335693,-1941.459717,1197.747070,90.24083,0.0,0.0
OBJECT=8419,2181.533447,-1979.252075,1209.859375,90.24083,0.0,89.99997
OBJECT=8419,2213.424561,-2016.785278,1202.713989,90.24083,0.0,179.99997
OBJECT=16376,2243.584961,-1829.748169,1367.540039,0.0,0.0,0.0
OBJECT=16376,2183.233643,-1819.486572,1367.515015,0.0,0.0,180.9
OBJECT=16376,2243.585449,-1986.428589,1366.795044,0.0,0.0,0.0
OBJECT=16376,2183.259766,-1976.625732,1366.617188,0.0,0.0,180.9
OBJECT=16376,2215.318359,-1740.457886,1367.515015,0.0,0.0,89.99997
OBJECT=16376,2243.588135,-2142.760742,1367.490601,0.0,0.0,0.0
OBJECT=16376,2183.282471,-2133.689453,1367.618896,0.0,0.0,180.9
OBJECT=16376,2209.319824,-2224.475830,1367.618896,0.0,0.0,270.4
OBJECT=8419,2214.336182,-1941.132202,1110.744507,90.24083,0.0,0.0
OBJECT=8419,2245.510498,-1978.475952,1113.394531,90.24083,0.0,270.4
OBJECT=8419,2210.775391,-2017.145874,1111.797729,90.24083,0.0,179.99997
OBJECT=8419,2181.213623,-1978.593994,1117.316650,90.24083,0.0,89.99997
OBJECT=8419,2180.882324,-1978.572998,1024.330566,90.24083,0.0,89.99997
OBJECT=8419,2212.873047,-2017.514648,1018.641968,90.24083,0.0,179.99997
OBJECT=8419,2245.824219,-1979.731934,1020.879272,90.24083,0.0,270.4
OBJECT=8419,2213.103271,-1940.776855,1017.585693,90.24083,0.0,0.0
OBJECT=8419,2213.077637,-1971.651611,933.475159,50.70676,0.0,0.0
OBJECT=8419,2180.523926,-1979.226929,930.996887,90.24083,0.0,89.99997
OBJECT=8419,2212.164795,-2049.115234,942.299927,134.7214,0.0,179.99997
OBJECT=8419,2246.042480,-1978.359863,927.761475,90.24083,0.0,270.4
OBJECT=8419,2246.048828,-2029.759155,924.042847,90.24083,0.0,270.4
OBJECT=8419,2180.503174,-2029.971802,922.698853,90.24083,0.0,89.99997
OBJECT=8419,2212.445801,-2067.280029,872.979187,90.24083,0.0,179.99997
OBJECT=8419,2180.136475,-2030.115234,829.316406,90.24083,0.0,89.99997
OBJECT=8419,2246.416016,-2030.196167,831.434021,90.24083,0.0,270.4
OBJECT=8419,2215.001221,-2054.204346,818.452942,42.11238,0.0,179.99997
OBJECT=8419,2213.833740,-2024.554443,746.806274,90.24083,0.0,179.99997
OBJECT=8419,2180.121338,-1988.162109,814.191833,90.24083,0.0,89.99997
OBJECT=8419,2246.501953,-1985.094604,811.173035,90.24083,0.0,270.4
OBJECT=8419,2211.826904,-1964.048340,812.505066,90.24083,0.0,0.0
OBJECT=8419,2212.154541,-1963.711426,743.453735,90.24083,0.0,0.0
OBJECT=8419,2179.757568,-1990.251953,720.966980,90.24083,0.0,89.99997
OBJECT=8419,2246.843506,-1993.248413,722.926514,90.24083,0.0,270.4
OBJECT=8419,2212.927490,-1987.269531,660.831238,42.11238,0.0,179.99997
OBJECT=8419,2179.500000,-1958.427368,655.619080,90.24083,0.0,89.99997
OBJECT=8419,2247.112549,-1960.804199,664.095398,90.24083,0.0,270.4
OBJECT=8419,2212.461914,-1918.851563,598.871521,42.11238,0.0,179.99997
OBJECT=8419,2247.337646,-1910.066772,616.306152,90.24083,0.0,270.4
OBJECT=8419,2179.298340,-1906.699341,618.348145,90.24083,0.0,89.99997
OBJECT=4690,2206.153320,-1789.671997,476.038422,0.0,51.56619,269.86305
OBJECT=8419,2176.386963,-1897.409424,599.376038,90.24083,0.0,59.91969
OBJECT=8419,2246.768799,-1898.434448,602.631165,90.24083,0.0,292.34539
OBJECT=8419,2243.663086,-1854.546265,566.000671,90.24083,0.0,270.4
OBJECT=8419,2243.860352,-1803.462646,533.399536,90.24083,0.0,270.4
OBJECT=8419,2179.261719,-1850.540771,564.485901,90.24083,0.0,89.99997
OBJECT=8419,2179.155762,-1798.947632,529.439819,90.24083,0.0,89.99997
OBJECT=4690,2204.603760,-1682.977417,391.379517,0.0,51.56619,269.86305
OBJECT=17927,2211.080566,-1786.122803,502.267059,347.96791,0.0,0.0
OBJECT=8419,2178.952148,-1748.541138,489.846405,90.24083,0.0,89.99997
OBJECT=8419,2178.732666,-1698.714722,441.503021,90.24083,0.0,89.99997
OBJECT=8419,2244.141602,-1752.541748,483.875824,90.24083,0.0,270.4
OBJECT=8419,2244.278809,-1701.629395,449.622162,90.24083,0.0,270.4
OBJECT=4690,2204.878174,-1578.168579,308.205200,0.0,51.56619,269.86305
OBJECT=8419,2178.548096,-1647.094849,400.453613,90.24083,0.0,89.99997
OBJECT=8419,2178.403320,-1595.934570,363.507660,90.24083,0.0,89.99997
OBJECT=8419,2244.477783,-1650.019287,410.660034,90.24083,0.0,270.4
OBJECT=8419,2244.658447,-1598.631348,366.495728,90.24083,0.0,270.4
OBJECT=4690,2205.165527,-1415.984375,322.648590,0.0,97.11632,269.86305
OBJECT=4690,2205.515381,-1275.500610,340.140564,0.0,97.11632,269.86305
OBJECT=1655,2193.746826,-1280.212769,365.417725,0.0,0.0,0.0
OBJECT=1655,2202.144775,-1280.233398,365.423889,0.0,0.0,0.0
OBJECT=1655,2210.593262,-1280.230103,365.429779,0.0,0.0,0.0
OBJECT=1655,2219.062500,-1280.257080,365.419891,0.0,0.0,0.0
OBJECT=1655,2227.592773,-1280.288940,365.415344,0.0,0.0,0.0
OBJECT=1655,2235.737549,-1280.284790,365.403198,0.0,0.0,0.0
OBJECT=16376,2179.300781,-1501.465210,406.599548,0.0,0.0,180.4
OBJECT=16376,2179.356201,-1346.392822,423.260651,0.0,0.0,180.4
OBJECT=16376,2243.475586,-1502.285156,406.039063,0.0,0.0,0.0
OBJECT=16376,2243.448242,-1352.975708,423.951508,0.0,0.0,0.0
OBJECT=4885,2230.703613,-1174.470215,362.115234,0.0,0.0,297.81131
OBJECT=4885,2230.555664,-1174.030518,367.473267,0.0,0.0,297.81131
OBJECT=4885,2241.767334,-1173.359131,362.097656,0.0,0.0,297.81131
OBJECT=4885,2241.801758,-1172.795898,367.379517,0.0,0.0,297.81131
OBJECT=4885,2219.643311,-1175.512939,362.134979,0.0,0.0,297.81131
OBJECT=4885,2219.519043,-1175.416992,367.591858,0.0,0.0,297.81131
OBJECT=8419,2175.028076,-1260.909668,374.185791,90.24083,0.0,59.91969
OBJECT=8419,2252.382080,-1259.996582,378.720184,90.24083,0.0,292.34539
OBJECT=8419,2282.644531,-1094.326294,343.452942,90.24083,0.0,248.51414
OBJECT=8419,2258.815918,-1054.326294,344.058319,90.24083,0.0,338.51409
OBJECT=8419,2228.516846,-1079.716553,344.384033,90.24083,0.0,68.51423
OBJECT=8419,2235.539795,-1120.093384,304.980865,90.24083,0.0,158.51420
OBJECT=8419,2269.163330,-1050.417847,328.598419,53.28506,0.0,338.51409
OBJECT=8419,2212.439941,-1070.873779,321.596405,41.25301,0.0,62.49823
OBJECT=6982,2255.772705,-1075.365234,234.399170,79.92760,97.97571,331.32932
OBJECT=8419,2296.404053,-1103.418457,321.320648,41.25295,0.0,245.93584
OBJECT=4572,2242.331299,-1123.189087,301.356781,313.59044,268.4030,157.50005
OBJECT=8421,2258.786377,-1052.245605,155.202576,313.59044,274.91581,338.51409
OBJECT=16376,2277.013428,-1068.307739,230.338165,35.23689,0.0,337.50002
OBJECT=16376,2239.566895,-1038.787231,241.992950,327.34142,0.0,146.25024
OBJECT=8419,2178.964844,-1696.827515,506.859314,90.24083,0.0,89.99997
OBJECT=8419,2244.031982,-1701.445068,509.983612,90.24083,0.0,270.4
OBJECT=17927,2216.292725,-1264.647949,365.370880,0.0,0.0,5.23391
OBJECT=17927,2218.744629,-1278.912109,365.338440,0.0,0.0,5.23391
OBJECT=1412,2195.720459,-1954.430054,1158.754517,272.33754,0.0,358.28113
OBJECT=1412,2204.237549,-1974.994995,1158.546753,89.38134,0.0,0.0
OBJECT=1412,2198.379150,-1973.716919,1159.736572,89.38134,0.0,0.0
OBJECT=1412,2199.925781,-1977.271484,1159.736572,89.38134,0.0,0.0
OBJECT=1412,2200.737061,-1975.664185,1159.736572,89.38134,0.0,0.0
OBJECT=1412,2201.575195,-1972.781738,1159.736572,89.38134,0.0,0.0
OBJECT=1412,2196.972900,-1969.969360,1159.908447,89.38134,0.0,0.0
OBJECT=1412,2196.677490,-1967.400269,1159.908447,89.38134,0.0,0.0
OBJECT=1412,2196.199707,-1964.036377,1159.762085,89.38134,0.0,0.0
OBJECT=1412,2196.236328,-1962.448853,1159.590210,89.38134,0.0,0.0
OBJECT=1412,2196.553467,-1959.577026,1159.590210,89.38134,0.0,0.0
OBJECT=1412,2197.009277,-1957.915405,1159.590210,89.38134,0.0,0.0
OBJECT=1412,2200.712402,-1955.022217,1159.590210,89.38134,0.0,0.0
OBJECT=1412,2206.541260,-1954.797485,1159.590210,89.38134,0.0,0.0
OBJECT=1412,2205.099365,-1956.019043,1159.590210,89.38134,0.0,0.0
OBJECT=1412,2201.939209,-1957.402344,1159.590210,89.38134,0.0,0.0
OBJECT=1412,2201.914551,-1959.186279,1159.590210,89.38134,0.0,0.0
OBJECT=1412,2206.850342,-1958.003784,1159.590210,89.38134,0.0,0.0
OBJECT=1412,2206.598389,-1959.320190,1159.590210,89.38134,0.0,0.0
OBJECT=1412,2200.663818,-1960.166870,1159.590210,89.38134,0.0,0.0
OBJECT=1412,2201.878174,-1962.377319,1159.590210,89.38134,0.0,0.0
OBJECT=1412,2201.436279,-1963.996216,1159.762085,89.38134,0.0,0.0
OBJECT=1412,2201.319580,-1966.212280,1159.908447,89.38134,0.0,0.0
OBJECT=1412,2201.667725,-1968.001587,1159.908447,89.38134,0.0,0.0
OBJECT=1412,2201.771973,-1970.064209,1159.908447,89.38134,0.0,0.0
OBJECT=1412,2197.785889,-1972.574951,1159.736572,89.38134,0.0,0.0
OBJECT=1412,2196.628662,-1974.588257,1159.736572,89.38134,0.0,0.0
OBJECT=1412,2195.442871,-1978.967651,1159.736572,89.38134,0.0,0.0
OBJECT=1412,2195.538574,-1981.586670,1159.743896,89.38134,0.0,0.0
OBJECT=1412,2197.043213,-1984.021851,1159.908447,89.38134,0.0,0.0
OBJECT=1412,2196.890381,-1986.971191,1159.724731,89.38134,0.0,0.0
OBJECT=1412,2196.390625,-1989.778442,1159.724731,89.38134,0.0,0.0
OBJECT=1412,2196.084229,-1995.013672,1159.552856,89.38134,0.0,0.0
OBJECT=1412,2195.875000,-1998.408081,1159.552856,89.38134,0.0,0.0
OBJECT=1412,2196.830811,-1992.820557,1159.552856,89.38134,0.0,0.0
OBJECT=1412,2195.208496,-2003.743408,1160.022583,89.38134,0.0,0.0
OBJECT=1412,2196.697021,-2003.157959,1159.724731,89.38134,0.0,0.0
OBJECT=1412,2197.390137,-2001.114746,1159.724731,89.38134,0.0,0.0
OBJECT=1412,2201.555664,-1999.753052,1159.552856,89.38134,0.0,0.0
OBJECT=1412,2202.180664,-1996.017822,1159.552856,89.38134,0.0,0.0
OBJECT=1412,2202.433838,-1993.037720,1159.552856,89.38134,0.0,0.0
OBJECT=1412,2202.702148,-1990.391357,1159.724731,89.38134,0.0,0.0
OBJECT=1412,2202.638184,-1987.834351,1159.724731,89.38134,0.0,0.0
OBJECT=1412,2202.506104,-1986.033813,1159.724731,89.38134,0.0,0.0
OBJECT=1412,2202.804199,-1983.169922,1159.912231,89.38134,0.0,0.0
OBJECT=1412,2202.091309,-1981.941040,1159.911255,89.38134,0.0,0.0
OBJECT=1412,2201.408936,-1979.851074,1159.736572,89.38134,0.0,0.0
OBJECT=1412,2206.380127,-1979.844604,1159.744385,89.38134,0.0,0.0
OBJECT=1412,2205.497070,-1977.303223,1159.740234,89.38134,0.0,0.0
OBJECT=1412,2201.572510,-2002.501099,1159.724731,89.38134,0.0,0.0
OBJECT=1412,2206.413086,-2002.276733,1159.724731,89.38134,0.0,0.0
OBJECT=1412,2206.620361,-1998.982056,1159.552856,89.38134,0.0,0.0
OBJECT=1412,2206.955811,-1995.376343,1159.552856,89.38134,0.0,0.0
OBJECT=1412,2208.663818,-1997.089478,1159.552856,89.38134,0.0,0.0
OBJECT=1412,2211.089844,-1999.440552,1159.552856,89.38134,0.0,0.0
OBJECT=1412,2211.889404,-2001.143799,1159.724731,89.38134,0.0,0.0
OBJECT=1412,2212.147705,-2002.715332,1159.724731,89.38134,0.0,0.0
OBJECT=1412,2219.286621,-2001.324829,1159.724731,89.38134,0.0,0.0
OBJECT=1412,2217.493896,-2002.020996,1159.724731,89.38134,0.0,0.0
OBJECT=1412,2222.541992,-2001.618530,1159.556030,89.38134,0.0,0.0
OBJECT=1412,2226.327881,-2002.686768,1159.598755,89.38134,0.0,0.0
OBJECT=1412,2230.192383,-2001.273560,1159.567627,89.38134,0.0,0.0
OBJECT=1412,2229.291992,-1998.643677,1159.552856,89.38134,0.0,0.0
OBJECT=1412,2225.670410,-1998.768921,1159.552856,89.38134,0.0,0.0
OBJECT=1412,2221.002686,-1998.034424,1159.552856,89.38134,0.0,0.0
OBJECT=1412,2217.847412,-1997.758179,1159.552856,89.38134,0.0,0.0
OBJECT=1412,2219.335449,-1998.816772,1159.552856,89.38134,0.0,0.0
OBJECT=1412,2215.487305,-1998.896729,1159.552856,89.38134,0.0,0.0
OBJECT=1412,2212.904053,-1996.257935,1159.552856,89.38134,0.0,0.0
OBJECT=1412,2216.469971,-1995.271973,1159.552856,89.38134,0.0,0.0
OBJECT=1412,2220.836670,-1994.887329,1159.552856,89.38134,0.0,0.0
OBJECT=1412,2224.692139,-1995.940918,1159.552856,89.38134,0.0,0.0
OBJECT=1412,2228.035889,-1996.061523,1159.552856,89.38134,0.0,0.0
OBJECT=1412,2228.717285,-1993.562012,1159.552856,89.38134,0.0,0.0
OBJECT=1412,2224.610840,-1992.470703,1159.552856,89.38134,0.0,0.0
OBJECT=1412,2220.959473,-1992.033691,1159.552856,89.38134,0.0,0.0
OBJECT=1412,2217.683105,-1992.225098,1159.552856,89.38134,0.0,0.0
OBJECT=1412,2215.776367,-1992.555298,1159.552856,89.38134,0.0,0.0
OBJECT=1412,2211.277832,-1991.959839,1159.552856,89.38134,0.0,0.0
OBJECT=1412,2211.388672,-1992.713379,1159.552856,89.38134,0.0,0.0
OBJECT=1412,2211.438965,-1994.220337,1159.552856,89.38134,0.0,0.0
OBJECT=1412,2206.899170,-1992.203369,1159.552856,89.38134,0.0,0.0
OBJECT=1412,2207.336670,-1989.497437,1159.724731,89.38134,0.0,0.0
OBJECT=1412,2211.163086,-1988.742065,1159.724731,89.38134,0.0,0.0
OBJECT=1412,2214.775879,-1989.318604,1159.724731,89.38134,0.0,0.0
OBJECT=1412,2208.435547,-1986.587158,1159.724731,89.38134,0.0,0.0
OBJECT=1412,2208.355713,-1984.833984,1159.918945,89.38134,0.0,0.0
OBJECT=1412,2207.637207,-1982.217773,1159.918091,89.38134,0.0,0.0
OBJECT=1412,2211.721436,-1981.784668,1159.930908,89.38134,0.0,0.0
OBJECT=1412,2212.766357,-1983.406250,1159.924316,89.38134,0.0,0.0
OBJECT=1412,2213.631104,-1985.012207,1159.925415,89.38134,0.0,0.0
OBJECT=1412,2213.714111,-1986.161133,1159.724731,89.38134,0.0,0.0
OBJECT=1412,2207.271973,-1972.917603,1159.741333,89.38134,0.0,0.0
OBJECT=1412,2207.983643,-1970.837524,1159.742432,89.38134,0.0,0.0
OBJECT=1412,2207.790283,-1969.449585,1159.921875,89.38134,0.0,0.0
OBJECT=1412,2207.207764,-1967.799072,1159.921021,89.38134,0.0,0.0
OBJECT=1412,2206.566406,-1964.485962,1159.590210,89.38134,0.0,0.0
OBJECT=1412,2206.760986,-1962.891846,1159.590210,89.38134,0.0,0.0
OBJECT=1412,2207.208008,-1961.299683,1159.590210,89.38134,0.0,0.0
OBJECT=1412,2211.412354,-1978.006104,1159.748291,89.38134,0.0,0.0
OBJECT=1412,2211.639160,-1979.291382,1159.750122,89.38134,0.0,0.0
OBJECT=1412,2210.599121,-1976.269043,1159.754028,89.38134,0.0,0.0
OBJECT=1412,2211.089844,-1974.385864,1159.746948,89.38134,0.0,0.0
OBJECT=1412,2213.217529,-1971.719727,1159.750122,89.38134,0.0,0.0
OBJECT=1412,2212.971191,-1968.674194,1159.929443,89.38134,0.0,0.0
OBJECT=1412,2212.774658,-1967.198975,1159.929199,89.38134,0.0,0.0
OBJECT=1412,2211.801025,-1963.379150,1159.590210,89.38134,0.0,0.0
OBJECT=1412,2211.535645,-1961.841309,1159.590210,89.38134,0.0,0.0
OBJECT=1412,2211.617920,-1958.968872,1159.590210,89.38134,0.0,0.0
OBJECT=1412,2211.524902,-1957.023193,1159.590210,89.38134,0.0,0.0
OBJECT=1412,2216.581543,-1961.000610,1159.590210,89.38134,0.0,0.0
OBJECT=1412,2217.456299,-1966.595337,1159.936035,89.38134,0.0,0.0
OBJECT=1412,2217.704590,-1969.943115,1159.936401,89.38134,0.0,0.0
OBJECT=1412,2217.823242,-1972.855103,1159.756836,89.38134,0.0,0.0
OBJECT=1412,2220.144043,-1988.643555,1159.724731,89.38134,0.0,0.0
OBJECT=1412,2229.563721,-1990.893677,1159.552856,89.38134,0.0,0.0
OBJECT=1412,2230.085449,-1987.796631,1159.724731,89.38134,0.0,0.0
OBJECT=1412,2224.703857,-1986.652710,1159.724731,89.38134,0.0,0.0
OBJECT=1412,2224.809814,-1984.571411,1159.939087,89.38134,0.0,0.0
OBJECT=1412,2228.929199,-1985.107910,1159.944092,89.38134,0.0,0.0
OBJECT=1412,2230.327393,-1981.414063,1159.953613,89.38134,0.0,0.0
OBJECT=1412,2226.441162,-1978.231079,1159.777222,89.38134,0.0,0.0
OBJECT=1412,2228.400879,-1978.016846,1159.780151,89.38134,0.0,0.0
OBJECT=1412,2229.282471,-1972.291992,1159.781372,89.38134,0.0,0.0
OBJECT=1412,2229.518555,-1967.810913,1159.953735,89.38134,0.0,0.0
OBJECT=1412,2229.864014,-1964.437256,1159.779785,89.38134,0.0,0.0
OBJECT=1412,2230.411865,-1961.030884,1159.598389,89.38134,0.0,0.0
OBJECT=1412,2227.728027,-1956.199463,1159.590210,89.38134,0.0,0.0
OBJECT=1412,2221.117188,-1958.061279,1159.590210,89.38134,0.0,0.0
OBJECT=1412,2223.275879,-1959.180908,1159.590210,89.38134,0.0,0.0
OBJECT=1412,2221.368896,-1962.786621,1159.590210,89.38134,0.0,0.0
OBJECT=1412,2224.766602,-1965.977295,1159.946777,89.38134,0.0,0.0
OBJECT=1412,2222.083496,-1966.890625,1159.942749,89.38134,0.0,0.0
OBJECT=1412,2224.139648,-1964.549072,1159.765015,89.38134,0.0,0.0
OBJECT=1412,2224.270020,-1969.471436,1159.946045,89.38134,0.0,0.0
OBJECT=1412,2223.893066,-1971.197266,1159.765747,89.38134,0.0,0.0
OBJECT=1412,2230.103027,-1968.670776,1159.954590,89.38134,0.0,0.0
OBJECT=1412,2220.070313,-1976.170410,1159.767944,89.38134,0.0,0.0
OBJECT=1412,2219.469727,-1980.239990,1159.941528,89.38134,0.0,0.0
OBJECT=1412,2215.418701,-1976.172852,1159.761108,89.38134,0.0,0.0
OBJECT=1412,2213.598389,-2003.824707,1136.738281,89.38134,0.0,0.0
OBJECT=17286,2210.494385,-1127.417480,109.432045,33.51803,359.14056,341.95185
OBJECT=16376,2229.321777,-1026.479370,226.544525,327.34142,0.0,180.18
OBJECT=16376,2308.179932,-1053.491821,225.153168,35.23689,15.46986,303.75001
OBJECT=17927,2212.669922,-1917.130615,598.524353,0.0,0.0,0.0
OBJECT=17927,2238.620361,-1077.724487,164.890671,287.80735,0.0,332.34340
OBJECT=1655,2207.305908,-1145.739502,101.210159,359.14056,87.66247,143.91270
OBJECT=8419,2210.693848,-1853.572632,639.489502,90.24083,0.0,0.0
OBJECT=18450,2138.098389,-1174.200928,74.490456,0.0,0.0,0.0
OBJECT=18450,2060.860840,-1174.205811,74.477386,0.0,0.0,0.0
OBJECT=18450,1981.591431,-1174.226807,74.489334,0.0,0.0,0.0
OBJECT=972,2167.462646,-1185.176270,75.633087,0.0,0.0,89.99997
OBJECT=972,2143.077148,-1185.177612,75.234825,0.0,0.0,89.99997
OBJECT=18450,1937.371338,-1174.199829,77.401276,0.0,13.75099,0.0
OBJECT=18450,1826.630371,-1174.169800,86.523247,0.0,0.0,0.0
OBJECT=18450,1784.318115,-1174.180054,89.435188,0.0,13.75099,0.0
OBJECT=18450,1685.387207,-1174.166992,98.682419,0.0,0.0,0.0
OBJECT=18450,1634.991333,-1174.149536,101.619362,0.0,13.75099,0.0
OBJECT=5398,1580.213257,-1174.205200,115.660027,0.0,0.0,270.4
OBJECT=5398,1554.509888,-1174.212402,97.935677,68.75486,0.0,270.4
OBJECT=18450,1572.802368,-1174.375977,73.572098,0.0,0.0,0.0
OBJECT=18450,1650.637817,-1174.396851,73.558968,0.0,0.0,0.0
OBJECT=18450,1728.361816,-1174.454834,73.545914,0.0,0.0,0.0
OBJECT=18450,1806.191528,-1174.503540,73.532860,0.0,0.0,0.0
OBJECT=972,1603.122314,-1163.911011,109.740112,350.54620,0.0,281.25002
OBJECT=972,1607.093750,-1185.348389,108.772781,11.17267,0.0,78.74999
OBJECT=972,1555.247070,-1173.901367,113.407364,0.0,0.0,0.0
OBJECT=972,1560.710693,-1176.524658,111.359154,0.0,0.0,270.4
OBJECT=972,1565.861450,-1165.219971,111.211739,0.0,0.0,270.4
OBJECT=972,1530.229248,-1174.545288,73.912727,0.0,0.0,0.0
OBJECT=972,1545.277710,-1185.375977,74.114723,0.0,0.0,89.99997
OBJECT=972,1540.346191,-1163.377563,74.240685,0.0,0.0,270.4
OBJECT=18450,1880.648560,-1174.477905,73.519836,0.0,0.0,0.0
OBJECT=18450,1852.000122,-1174.496216,68.181778,0.0,334.21691,0.0
OBJECT=18450,1939.751709,-1174.202393,91.719711,0.0,0.0,0.0
OBJECT=1655,1884.018188,-1177.611572,84.332809,17.18873,0.0,270.4
OBJECT=1655,1883.986572,-1169.770752,84.303482,17.18873,0.0,270.4
OBJECT=16376,1974.597900,-1192.354004,170.799072,0.0,0.0,270.4
OBJECT=16376,1982.339844,-1155.863403,170.849091,0.0,0.0,89.99997
OBJECT=18450,2015.965698,-1174.177856,91.706657,0.0,0.0,0.0
OBJECT=18450,2090.885254,-1174.135254,91.693573,0.0,0.0,0.0
OBJECT=18450,2168.518066,-1174.110840,91.680550,0.0,0.0,0.0
OBJECT=18450,2247.590332,-1174.099487,91.667496,0.0,0.0,0.0
OBJECT=18450,2325.452881,-1174.114746,91.654442,0.0,0.0,0.0
OBJECT=18450,2403.337646,-1174.111328,91.641388,0.0,0.0,0.0
OBJECT=16376,2387.900146,-1192.163086,171.201233,0.0,0.0,270.4
OBJECT=16376,2365.148193,-1155.866333,170.948456,0.0,0.0,89.99997
OBJECT=18450,2481.155273,-1174.121216,91.653320,0.0,0.0,0.0
OBJECT=18450,2560.284424,-1174.104736,91.640266,0.0,0.0,0.0
OBJECT=18450,2637.421387,-1174.073853,91.627213,0.0,0.0,0.0
OBJECT=18450,2702.669678,-1178.248535,74.539154,355.70283,312.73101,267.42174
OBJECT=18450,2654.926758,-1174.046875,91.614189,0.0,0.0,0.0
OBJECT=16376,2720.330811,-1180.539063,146.822861,0.0,0.0,0.0
OBJECT=16376,2684.553223,-1083.494141,121.355522,0.0,0.0,180.9
OBJECT=16376,2699.510742,-1192.254272,142.363220,0.0,0.0,270.4
OBJECT=17927,2710.943848,-1172.129883,61.555550,354.84339,24.6421,0.0
OBJECT=17927,2703.185547,-1152.499634,63.240791,354.84339,24.6421,0.0
OBJECT=16376,2705.149658,-1139.141968,121.355225,0.0,0.0,96.79814
OBJECT=8419,2173.608154,-1801.657837,537.279419,90.24083,0.0,59.91969
OBJECT=8419,2249.431885,-1802.906860,536.749939,90.24083,0.0,292.34539
OBJECT=4690,2204.966797,-1521.071289,303.068207,0.0,71.33322,269.86305
OBJECT=8419,2174.615967,-1524.549805,348.056732,90.24083,0.0,59.91969
OBJECT=8419,2247.910400,-1527.529785,364.416718,90.24083,0.0,292.34539

; Pickups
; Format:
;	PICKUPREPAIR=x,y,z
;	PICKUPNITRO=x,y,z
;	PICKUPVEHICLE=vehicletype,x,y,z
PICKUPREPAIR=2230.749023,-2009.457520,907.291077
PICKUPREPAIR=2226.267578,-2009.682861,907.015747
PICKUPREPAIR=2222.638672,-2009.875366,906.780457
PICKUPREPAIR=2218.391846,-2009.707275,906.985901
PICKUPREPAIR=2214.388428,-2009.591431,907.127502
PICKUPREPAIR=2209.566895,-2009.801270,906.871094
PICKUPREPAIR=2205.006348,-2009.795044,906.878723
PICKUPREPAIR=2199.931152,-2009.731445,906.956421
PICKUPREPAIR=2195.132813,-2009.913696,906.733765
PICKUPREPAIR=2227.166992,-2052.513672,834.232117
PICKUPREPAIR=2212.909912,-2047.320435,829.531006
PICKUPREPAIR=2197.581543,-2052.520752,834.238525
PICKUPREPAIR=2230.000244,-2012.489380,798.051758
PICKUPREPAIR=2226.141113,-2012.683960,798.227600
PICKUPREPAIR=2220.735107,-2012.793823,798.326965
PICKUPREPAIR=2214.813477,-2013.025879,798.536804
PICKUPREPAIR=2210.117920,-2012.686523,798.229980
PICKUPREPAIR=2205.310059,-2012.683105,798.226868
PICKUPREPAIR=2200.220947,-2012.837402,798.366394
PICKUPREPAIR=2194.940674,-2013.032227,798.542480
PICKUPREPAIR=2230.455078,-1944.812744,639.759521
PICKUPREPAIR=2225.014893,-1944.722046,639.565125
PICKUPREPAIR=2218.972168,-1944.732910,639.574951
PICKUPREPAIR=2212.652588,-1944.968506,639.900269
PICKUPREPAIR=2207.261475,-1945.244507,640.149780
PICKUPREPAIR=2201.033203,-1944.978760,639.909607
PICKUPREPAIR=2194.784912,-1945.301514,640.201355
PICKUPREPAIR=2195.468262,-1975.358521,726.038269
PICKUPREPAIR=2201.408203,-1975.354248,726.193970
PICKUPREPAIR=2207.234863,-1975.353760,726.061340
PICKUPREPAIR=2212.765869,-1975.357788,725.851685
PICKUPREPAIR=2218.213867,-1975.356812,725.610413
PICKUPREPAIR=2223.468506,-1975.356934,725.643188
PICKUPREPAIR=2229.007080,-1975.357056,725.664612
PICKUPREPAIR=2234.547607,-1975.355957,725.426819
PICKUPREPAIR=2227.418701,-2030.389038,814.225708
PICKUPREPAIR=2217.277832,-2030.463867,814.299988
PICKUPREPAIR=2206.643555,-2031.297607,815.053650
PICKUPREPAIR=2197.122314,-2031.073608,814.851196
PICKUPREPAIR=2232.540771,-1995.957642,1286.519287
PICKUPREPAIR=2232.146729,-1986.763916,1286.519287
PICKUPREPAIR=2232.053223,-1975.447998,1286.519287
PICKUPREPAIR=2232.393066,-1961.092773,1286.519287
PICKUPREPAIR=2194.689453,-1998.046631,1286.503662
PICKUPREPAIR=2194.004883,-1988.243164,1286.503662
PICKUPREPAIR=2194.715576,-1978.945313,1286.503662
PICKUPREPAIR=2193.635498,-1969.144531,1286.503662
PICKUPREPAIR=2194.311035,-1956.954346,1286.503662
PICKUPREPAIR=2229.965332,-1973.270020,665.483765
PICKUPREPAIR=2224.488037,-1973.316040,665.525391
PICKUPREPAIR=2218.980469,-1973.272949,665.479797
PICKUPREPAIR=2212.995605,-1973.604126,665.779175
PICKUPREPAIR=2206.565674,-1973.861694,666.018677
PICKUPREPAIR=2200.748047,-1973.665894,665.841675
PICKUPREPAIR=2194.354492,-1973.736938,665.905884
PICKUPREPAIR=2198.989258,-1964.062988,962.765747
PICKUPREPAIR=2209.395996,-1963.830688,963.041931
PICKUPREPAIR=2218.333984,-1964.108887,962.701843
PICKUPREPAIR=2226.826416,-1963.867188,962.997253
PICKUPREPAIR=2201.570801,-1991.569092,944.143982
PICKUPREPAIR=2210.900879,-1990.290283,943.781311
PICKUPREPAIR=2223.128662,-1991.023315,943.818726
PICKUPREPAIR=2195.795166,-1956.995605,1160.908813
PICKUPREPAIR=2195.977539,-1960.908081,1160.839355
PICKUPREPAIR=2195.928223,-1965.150635,1160.778564
PICKUPREPAIR=2195.496338,-1972.481689,1160.693481
PICKUPREPAIR=2195.953857,-1979.285767,1160.564575
PICKUPREPAIR=2197.494629,-1986.896973,1160.360474
PICKUPREPAIR=2197.916016,-1994.792725,1160.217285
PICKUPREPAIR=2198.752197,-2001.630615,1160.065796
PICKUPREPAIR=2208.748535,-2001.732910,1159.481934
PICKUPREPAIR=2208.882324,-1993.976929,1159.590698
PICKUPREPAIR=2208.688965,-1987.009766,1159.706665
PICKUPREPAIR=2206.150146,-1978.401855,1159.983887
PICKUPREPAIR=2206.910400,-1970.842773,1160.048218
PICKUPREPAIR=2207.533691,-1962.660400,1160.139893
PICKUPREPAIR=2207.447998,-1957.438721,1160.223267
PICKUPREPAIR=2216.103027,-1956.165527,1159.738281
PICKUPREPAIR=2216.283203,-1962.953125,1159.625732
PICKUPREPAIR=2217.117920,-1970.443848,1159.459595
PICKUPREPAIR=2217.715088,-1978.159790,1159.308838
PICKUPREPAIR=2217.924561,-1986.655884,1159.173950
PICKUPREPAIR=2217.596191,-1994.808105,1159.070557
PICKUPREPAIR=2218.182373,-2002.156250,1158.926025
PICKUPREPAIR=2204.008301,-1997.631226,1159.819702
PICKUPREPAIR=2212.903809,-1998.336060,1159.290894
PICKUPREPAIR=2212.932373,-1989.871582,1159.416504
PICKUPREPAIR=2203.052979,-1990.557495,1159.981689
PICKUPREPAIR=2201.414063,-1982.751831,1160.194458
PICKUPREPAIR=2201.285889,-1974.767456,1160.321899
PICKUPREPAIR=2201.486084,-1966.742554,1160.425903
PICKUPREPAIR=2202.499023,-1960.150635,1160.470825
PICKUPREPAIR=2211.727539,-1959.203369,1159.947510
PICKUPREPAIR=2212.572266,-1967.333374,1159.776123
PICKUPREPAIR=2211.870850,-1974.084961,1159.710571
PICKUPREPAIR=2211.608154,-1981.715088,1159.616211
PICKUPREPAIR=2227.657959,-2004.706787,1158.335693
PICKUPREPAIR=2226.039795,-1994.502319,1158.583374
PICKUPREPAIR=2225.882568,-1987.424316,1158.698853
PICKUPREPAIR=2224.191162,-1999.856201,1158.610596
PICKUPREPAIR=2231.363037,-2000.216431,1158.187378
PICKUPREPAIR=2221.908203,-1991.085815,1158.875366
PICKUPREPAIR=2230.239990,-1990.805176,1158.394165
PICKUPREPAIR=2232.787354,-1982.909668,1158.359497
PICKUPREPAIR=2227.588135,-1982.017334,1158.675781
PICKUPREPAIR=2220.902588,-1982.207642,1159.067383
PICKUPREPAIR=2227.922363,-1973.641479,1158.782227
PICKUPREPAIR=2225.651855,-1965.752075,1159.037964
PICKUPREPAIR=2225.447754,-1959.088623,1159.149902
PICKUPREPAIR=2221.124268,-1959.121948,1159.401367
PICKUPREPAIR=2221.358398,-1967.120361,1159.267456
PICKUPREPAIR=2220.740479,-1974.256226,1159.191284
PICKUPREPAIR=2224.434082,-1977.866577,1158.921875
PICKUPREPAIR=2230.496582,-1968.101807,1158.720459
PICKUPREPAIR=2229.826904,-1959.571167,1158.887573
PICKUPREPAIR=2227.796143,-1955.855591,1159.061768
PICKUPVEHICLE=473,2259.699707,-1104.154663,356.898712
PICKUPVEHICLE=473,2259.549561,-1103.504395,362.693146
PICKUPVEHICLE=473,2259.250244,-1103.045288,368.307587
PICKUPVEHICLE=473,2248.073486,-1104.751465,357.734467
PICKUPVEHICLE=473,2237.680420,-1105.430786,356.970673
PICKUPVEHICLE=473,2248.164795,-1103.700684,362.879822
PICKUPVEHICLE=473,2237.660645,-1105.396118,362.997742
PICKUPREPAIR=2198.483154,-1889.492798,589.639954
PICKUPREPAIR=2203.280029,-1889.477417,589.625977
PICKUPREPAIR=2207.811523,-1889.320801,589.484375
PICKUPREPAIR=2213.055420,-1889.022705,589.214966
PICKUPREPAIR=2218.855225,-1888.889160,589.094299
PICKUPREPAIR=2223.191895,-1889.031250,589.215942
PICKUPREPAIR=2227.496826,-1888.511597,588.764771
PICKUPREPAIR=2223.647217,-1876.465698,579.213013
PICKUPREPAIR=2218.475098,-1876.328857,579.114258
PICKUPREPAIR=2213.307617,-1876.314819,579.112854
PICKUPREPAIR=2208.854004,-1876.166504,579.003662
PICKUPREPAIR=2203.835693,-1875.993652,578.875977
PICKUPREPAIR=2199.281982,-1876.134033,578.995972
PICKUPNITRO=2194.728271,-1428.018799,348.561432
PICKUPNITRO=2198.894775,-1428.501221,348.502441
PICKUPNITRO=2203.110840,-1429.024414,348.438385
PICKUPNITRO=2207.666016,-1428.771973,348.471252
PICKUPNITRO=2212.361816,-1428.116211,348.554535
PICKUPNITRO=2216.461670,-1429.100708,348.432831
PICKUPNITRO=2221.376953,-1428.393311,348.522614
PICKUPNITRO=2226.088135,-1428.108765,348.559540
PICKUPNITRO=2231.300049,-1428.932983,348.458221
PICKUPREPAIR=2204.722656,-1246.261719,365.714630
PICKUPREPAIR=2216.178223,-1245.051514,365.714630
PICKUPREPAIR=2227.318359,-1244.061401,365.714630
PICKUPREPAIR=2198.465088,-1953.485962,1286.519897
PICKUPREPAIR=2205.900146,-1954.038940,1286.519897
PICKUPREPAIR=2213.393799,-1954.541748,1286.519897
PICKUPREPAIR=2221.226318,-1953.259766,1286.719971
PICKUPREPAIR=2227.685303,-1955.021240,1286.419067
PICKUPREPAIR=2218.158203,-1955.021240,1282.927124
PICKUPREPAIR=2209.579834,-1955.021240,1282.686890
PICKUPREPAIR=2201.965332,-1955.021240,1282.855591
PICKUPREPAIR=2227.146973,-2003.260986,1286.504272
PICKUPREPAIR=2220.200439,-2003.460205,1286.504272
PICKUPREPAIR=2212.810791,-2003.650391,1286.504272
PICKUPREPAIR=2205.955811,-2003.990479,1286.504272
PICKUPREPAIR=2196.910889,-2004.834839,1286.075073
PICKUPREPAIR=2201.259521,-2003.073364,1283.200073
PICKUPREPAIR=2208.902344,-2003.073364,1283.268433
PICKUPREPAIR=2216.821289,-2003.073486,1283.245117
PICKUPREPAIR=2223.598389,-2003.073486,1283.029419
PICKUPREPAIR=2231.518555,-2002.791016,1285.761475
PICKUPREPAIR=2230.092041,-2003.073486,1281.842529
PICKUPREPAIR=2195.483887,-1955.021240,1282.198486
PICKUPREPAIR=2230.337646,-1953.259766,1280.881470
PICKUPREPAIR=2225.869629,-1955.021240,1282.361328
PICKUPREPAIR=2203.894287,-1243.230957,370.973755
PICKUPREPAIR=2214.759766,-1242.955444,371.034790
PICKUPREPAIR=2225.181396,-1242.753174,371.083954
PICKUPREPAIR=2191.916016,-1427.681152,348.602753
PICKUPREPAIR=2194.748047,-1427.910156,348.575012
PICKUPREPAIR=2196.882813,-1427.887817,348.578430
PICKUPREPAIR=2198.852783,-1428.530884,348.498718
PICKUPREPAIR=2201.112549,-1428.619629,348.488312
PICKUPREPAIR=2202.925781,-1429.096191,348.429382
PICKUPREPAIR=2205.403564,-1428.899902,348.454620
PICKUPREPAIR=2207.686523,-1428.783813,348.469788
PICKUPREPAIR=2209.891357,-1428.976196,348.446442
PICKUPREPAIR=2212.158936,-1428.458618,348.511719
PICKUPREPAIR=2214.256592,-1428.873413,348.460571
PICKUPREPAIR=2216.348389,-1429.145996,348.427155
PICKUPREPAIR=2219.001953,-1428.866821,348.462799
PICKUPREPAIR=2221.413086,-1428.447144,348.515900
PICKUPREPAIR=2223.587402,-1428.529419,348.506287
PICKUPREPAIR=2225.921875,-1428.153442,348.553925
PICKUPREPAIR=2228.657715,-1428.326294,348.533173
PICKUPREPAIR=2231.285156,-1428.738159,348.482513
PICKUPREPAIR=2204.658936,-1865.104370,594.621460
PICKUPREPAIR=2210.780518,-1865.105103,594.790588
PICKUPREPAIR=2217.283203,-1865.104126,594.564880
PICKUPVEHICLE=522,2173.563232,-1170.903198,79.765579
PICKUPVEHICLE=522,2170.591064,-1167.045410,80.869431
PICKUPREPAIR=1821.429321,-1180.201050,88.568993
PICKUPREPAIR=1821.270752,-1177.816772,88.366997
PICKUPREPAIR=1820.898926,-1174.942017,88.366997
PICKUPREPAIR=1820.569092,-1172.466553,88.366997
PICKUPREPAIR=1820.839722,-1169.907959,88.366997
PICKUPREPAIR=1821.110962,-1167.484253,88.569000
PICKUPREPAIR=1555.018677,-1180.256836,75.415848
PICKUPREPAIR=1554.737671,-1176.893066,75.415848
PICKUPREPAIR=1554.276978,-1173.949829,75.415848
PICKUPREPAIR=1554.306641,-1170.582153,75.415848
PICKUPREPAIR=1554.398071,-1167.821899,75.617844
PICKUPREPAIR=2253.595215,-1088.259766,297.704559
PICKUPREPAIR=2202.273438,-1774.726685,499.980103
PICKUPREPAIR=2208.172607,-1774.374023,499.904938
PICKUPREPAIR=2214.852783,-1773.997559,499.824707
PICKUPREPAIR=2221.926270,-1774.583374,499.949554
PICKUPREPAIR=2198.007813,-1774.036865,499.833069
PICKUPREPAIR=2218.742432,-1774.534302,499.939117
PICKUPREPAIR=2226.929443,-1774.211548,499.877747
PICKUPVEHICLE=473,2247.404785,-1107.170898,366.869507
PICKUPVEHICLE=473,2237.228027,-1108.021729,366.968689
