
Name=Monster Bash Sequel
Author=Wicked Ice
MinLevel=20
JoinCost=15000

; The location of the waiting checkpoint.
; WaitLocation=waitx,waity,waitz
WaitLocation=-277.944366,-156.107452,2.815942

RunTime=600
WinBaseXP=500000
WinBaseCash=500000
Weather=0

; Vehicle Model to race with. Other models: 0=No vehicle, -1=Any vehicle
Vehicle=444
VehicleHealth=2000.0

; Checkpoints
; Type=0 is a normal checkpoint
; Type=1 is an air checkpoint
; The params type and size are optional
; Format: CP=x,y,z,type,size
CP=-251.753815,-163.077042,1.294739,0,0.0
CP=-125.292976,-162.379547,4.528656,0,0.0
CP=-113.304947,-114.790405,4.959886,0,0.0
CP=-100.838242,-67.757431,2.117188,0,2.10000
CP=-91.054520,-38.343418,5.484375,0,2.10000
CP=-60.721157,49.911602,5.476563,0,2.10000
CP=-45.186066,91.432533,2.117188,0,0.0
CP=22.469397,249.677246,23.217386,0,0.0
CP=102.542534,390.776398,6.629855,0,0.0
CP=181.612793,535.230286,12.972018,0,0.0
CP=256.860901,694.138550,9.891857,0,0.0
CP=344.618927,917.286072,48.900936,0,0.0
CP=448.126404,1180.147217,91.126602,0,0.0
CP=536.008179,1404.294556,130.000946,0,0.0
CP=551.814880,1608.997070,180.576935,0,0.0
CP=679.996521,1477.410400,171.296310,0,0.0
CP=745.150879,1552.997803,142.201340,0,0.0
CP=909.755981,1563.419434,124.583466,0,0.0
CP=866.125122,1660.460083,94.899895,0,0.0
CP=808.113220,1826.386841,66.999420,0,0.0
CP=667.566528,1937.774170,46.475330,0,0.0
CP=610.599731,2048.956787,37.994282,0,0.0
CP=648.402771,2110.964111,37.994282,0,0.0
CP=707.086121,2072.600830,36.719204,0,0.0
CP=667.186890,2015.485596,37.994282,0,0.0
CP=614.183716,2006.435425,37.994282,0,0.0
CP=715.909180,1899.430908,52.565300,0,0.0
CP=890.330566,1760.566284,76.887589,0,0.0
CP=789.715332,1651.919067,93.083557,0,0.0
CP=926.620056,1714.380127,107.577103,0,0.0
CP=925.267090,1581.908569,123.542755,0,0.0
CP=754.252319,1608.910645,140.300186,0,0.0
CP=814.750244,1469.896606,156.496384,0,0.0
CP=703.812805,1457.965942,170.358322,0,0.0
CP=569.915649,1490.411255,145.453094,0,0.0
CP=499.646332,1311.209351,116.273232,0,0.0
CP=420.519470,1109.420776,79.199364,0,0.0
CP=305.983948,818.225830,33.450367,0,0.0
CP=197.598770,565.250000,10.936198,0,0.0
CP=38.146229,277.090332,19.520998,0,0.0
CP=-34.261078,147.863113,1.980272,0,0.0
CP=-64.629784,38.441143,5.476563,0,2.10000
CP=-88.551537,-31.217813,5.484375,0,2.10000
CP=-111.371239,-107.596405,4.932244,0,2.10000
CP=-130.972565,-195.954071,0.913408,0,0.0

; Spawn Points
; If there are no spawn points, races will just be given their vehicle at the checkpoint
; Format: SPAWN=x,y,z,rotz
SPAWN=-277.944366,-156.107452,2.815942,255.0
SPAWN=-276.858154,-152.277695,2.815942,255.0
SPAWN=-278.963287,-160.079926,2.815942,255.0
SPAWN=-279.989166,-163.970551,2.815942,255.0
SPAWN=-283.848206,-150.213654,2.265940,255.0
SPAWN=-285.034119,-154.097458,1.990939,255.0
SPAWN=-286.069855,-158.370941,1.640939,255.0
SPAWN=-287.449615,-162.309372,1.590939,255.0
SPAWN=-290.489288,-148.435776,1.665939,255.0
SPAWN=-291.576538,-152.247742,1.890939,255.0
SPAWN=-292.525024,-156.256363,1.890939,255.0
SPAWN=-293.449799,-160.430344,1.890939,255.0

; Objects
; The last param (viewdistance) is optional
; Format: OBJECT=modelid,x,y,z,rotx,roty,rotz,viewdistance
OBJECT=972,-135.795166,-167.350433,1.071065,0.0,0.0,343.67072
OBJECT=972,-116.095467,-166.790726,1.055467,0.0,0.0,170.6414
OBJECT=972,-129.603882,-143.299850,1.066355,0.0,0.0,347.96791
OBJECT=972,-110.580307,-142.807480,1.010434,0.0,0.0,164.90748
OBJECT=972,-104.028091,-118.604355,1.144297,0.0,0.0,164.90748
OBJECT=972,-124.613182,-119.546257,1.010991,0.0,0.0,347.96791
OBJECT=972,-119.251152,-95.748535,1.063525,0.0,0.0,347.96791
OBJECT=972,-97.823105,-95.433632,1.167318,0.0,0.0,164.90748
OBJECT=3374,-128.123993,-162.382965,3.141680,0.0,0.0,348.82734
OBJECT=3374,-123.164352,-164.127472,3.220739,0.0,0.0,348.82734
OBJECT=3374,-124.736130,-160.460938,3.165684,0.0,0.0,348.82734
OBJECT=3374,-120.182983,-157.149841,3.484353,0.0,0.0,348.82734
OBJECT=3374,-126.900490,-155.778564,3.239811,0.0,0.0,348.82734
OBJECT=3374,-122.927704,-152.555313,3.164200,0.0,0.0,348.82734
OBJECT=3374,-118.426376,-150.255020,3.436859,0.0,0.0,348.82734
OBJECT=3374,-125.226791,-148.430466,3.236858,0.0,0.0,348.82734
OBJECT=3374,-121.110023,-145.731720,3.307172,0.0,0.0,348.82734
OBJECT=3374,-116.774208,-142.712799,3.184974,0.0,0.0,348.82734
OBJECT=3374,-123.974648,-141.413116,3.309974,0.0,0.0,348.82734
OBJECT=3374,-119.697670,-139.115082,3.211441,0.0,0.0,348.82734
OBJECT=3374,-114.998062,-136.105347,3.373918,0.0,0.0,348.82734
OBJECT=3374,-121.886261,-134.418350,3.247801,0.0,0.0,348.82734
OBJECT=3374,-117.690804,-131.609650,3.412201,0.0,0.0,348.82734
OBJECT=3374,-112.894295,-128.183670,3.457937,0.0,0.0,348.82734
OBJECT=3374,-120.544762,-126.808640,3.432937,0.0,0.0,348.82734
OBJECT=3374,-115.937622,-123.577347,3.306824,0.0,0.0,348.82734
OBJECT=3374,-111.115814,-120.151428,3.267889,0.0,0.0,348.82734
OBJECT=3374,-118.841286,-118.551331,3.417889,0.0,0.0,348.82734
OBJECT=3374,-114.049011,-115.012451,3.453862,0.0,0.0,348.82734
OBJECT=3374,-109.263702,-111.643517,3.459521,0.0,0.0,348.82734
OBJECT=3374,-116.939171,-110.193428,3.459521,0.0,0.0,348.82734
OBJECT=3374,-112.279839,-107.061325,3.426221,0.0,0.0,348.82734
OBJECT=3374,-107.174728,-104.397896,3.558083,0.0,0.0,348.82734
OBJECT=3374,-115.200218,-102.047752,3.458083,0.0,0.0,348.82734
OBJECT=3374,-110.281693,-98.902649,3.539148,0.0,0.0,348.82734
OBJECT=3374,-114.195564,-97.946182,3.539272,0.0,0.0,348.82734
OBJECT=3374,-105.977921,-99.792038,3.514137,0.0,0.0,348.82734
OBJECT=3374,-103.430153,-96.158936,3.388439,0.0,0.0,348.82734
OBJECT=3374,-107.300217,-95.389557,3.316628,0.0,0.0,348.82734
OBJECT=3374,-110.555626,-94.698959,3.290438,0.0,0.0,348.82734
OBJECT=3374,-113.412422,-94.121040,3.374914,0.0,0.0,348.82734
OBJECT=3330,-113.298050,-115.659103,10.335340,268.89982,0.0,344.53015
OBJECT=1632,-101.400940,-88.530365,3.134507,0.0,0.0,347.96791
OBJECT=1632,-104.900909,-87.813118,3.109485,0.0,0.0,347.96791
OBJECT=1632,-108.883583,-86.974518,3.064503,0.0,0.0,347.96791
OBJECT=1632,-112.227097,-86.237137,3.029114,0.0,0.0,347.96791
OBJECT=3374,-113.421181,-94.203133,5.274910,0.0,0.0,348.82734
OBJECT=3374,-110.445503,-94.736870,5.310285,0.0,0.0,348.82734
OBJECT=3374,-106.654724,-95.495834,5.345915,0.0,0.0,348.82734
OBJECT=3374,-103.216721,-96.085114,5.410163,0.0,0.0,348.82734
OBJECT=1634,-97.435677,-56.017796,3.014504,0.0,0.0,337.65466
OBJECT=1634,-85.330673,-21.576479,3.014504,0.0,0.0,162.43372
OBJECT=972,-114.114403,-72.023712,1.169863,0.0,0.0,347.96791
OBJECT=972,-109.981293,-61.160622,1.211177,0.0,0.0,335.7634
OBJECT=972,-91.584602,-72.428406,1.090470,0.0,0.0,164.90748
OBJECT=972,-88.983673,-60.609886,0.961685,0.0,0.0,176.93965
OBJECT=3330,-97.468872,-46.623360,11.592487,268.89982,0.0,344.53015
OBJECT=3375,-45.028885,90.961319,1.926185,0.0,0.0,67.89543
OBJECT=972,-39.887962,69.421967,2.014069,0.0,0.0,152.12042
OBJECT=972,-30.926065,91.044777,1.937794,0.0,0.0,161.57429
OBJECT=972,-57.265163,95.465080,1.864069,0.0,0.0,342.81128
OBJECT=972,-64.454605,72.045731,1.840263,0.0,0.0,342.81128
OBJECT=11495,-16.667580,179.649643,2.767327,16.32929,0.0,329.91974
OBJECT=11495,-6.312129,197.504791,8.790313,16.32929,0.0,329.91974
OBJECT=11495,3.963451,215.257217,14.821528,16.32929,0.0,329.91974
OBJECT=11495,13.958838,232.549103,20.659365,16.32929,0.0,329.91974
OBJECT=11495,-18.030390,183.492584,3.451113,343.67072,0.0,149.54212
OBJECT=11495,-7.449345,201.481613,9.539328,343.67072,0.0,149.54212
OBJECT=11495,2.788154,218.929947,15.477196,343.67072,0.0,149.54212
OBJECT=11495,11.399236,233.546967,20.464056,343.67072,0.0,149.54212
OBJECT=4654,46.357349,292.970123,18.822838,0.0,0.0,150.40155
OBJECT=4654,103.952873,394.344940,8.475426,0.0,0.0,150.40155
OBJECT=4654,158.638824,490.636108,8.577993,0.0,0.0,331.74226
OBJECT=4654,209.549149,589.361511,8.608158,0.0,0.0,152.22401
OBJECT=1634,-70.573174,20.573357,2.539502,0.0,0.0,160.71484
OBJECT=1632,-98.822098,-82.357063,3.132559,0.0,0.0,167.59038
OBJECT=1632,-102.667709,-81.509171,3.117902,0.0,0.0,167.59038
OBJECT=1632,-106.709274,-80.620262,3.103185,0.0,0.0,167.59038
OBJECT=1632,-110.446518,-79.786911,3.106820,0.0,0.0,167.59038
OBJECT=3375,67.971832,328.176086,13.578663,0.0,0.0,58.44162
OBJECT=3375,123.779274,426.901367,4.479186,0.0,0.0,59.30106
OBJECT=3375,143.296768,462.542297,4.749651,0.0,0.0,63.59824
OBJECT=3375,219.720642,607.703308,6.743431,0.0,0.0,64.45768
OBJECT=3374,179.594055,546.971130,14.489637,0.0,0.0,61.87938
OBJECT=3374,183.042023,545.038818,14.490538,0.0,0.0,61.87938
OBJECT=3374,186.306793,543.367920,14.504248,0.0,0.0,61.87938
OBJECT=3374,189.536728,541.620483,14.457951,0.0,0.0,61.87938
OBJECT=3374,192.751694,539.929565,14.499094,0.0,0.0,61.87938
OBJECT=1633,19.820097,245.230148,22.815546,0.0,0.0,151.26099
OBJECT=3381,244.890518,636.977356,17.344522,0.0,0.0,334.21691
OBJECT=3381,209.900833,652.322632,18.948200,0.0,0.0,339.37353
OBJECT=3375,243.099899,659.137329,7.876941,0.0,0.0,64.45768
OBJECT=17656,268.744873,724.137817,15.424398,0.0,0.0,338.51409
OBJECT=17656,300.997681,806.068481,29.246506,0.0,0.0,338.51409
OBJECT=17656,332.654175,886.481506,42.957687,0.0,0.0,338.51409
OBJECT=17656,365.038971,968.960632,56.790642,0.0,0.0,338.51409
OBJECT=17656,397.344604,1051.026489,70.607697,0.0,0.0,338.51409
OBJECT=17656,429.967377,1133.944946,84.423180,0.0,0.0,338.51409
OBJECT=17656,462.211365,1215.920898,98.189339,0.0,0.0,338.51409
OBJECT=17656,494.585663,1298.208008,111.989029,0.0,0.0,338.51409
OBJECT=17656,526.843384,1380.193848,125.771675,0.0,0.0,338.51409
OBJECT=17656,559.126648,1462.242188,139.564758,0.0,0.0,338.51409
OBJECT=13732,574.762695,1562.549927,164.090530,0.0,0.0,298.98009
OBJECT=4823,756.893921,1517.347168,150.714935,0.0,0.0,320.46593
OBJECT=4823,881.820923,1656.421509,102.550110,0.0,0.85945,51.56613
OBJECT=4837,807.964600,1826.470337,68.082878,353.12451,0.0,51.56613
OBJECT=4837,701.069458,1911.193848,51.710751,353.12451,0.0,51.56613
OBJECT=4837,589.065979,2001.312622,24.463762,345.38958,0.0,51.56613
OBJECT=3381,275.327148,700.080200,19.284945,0.0,0.0,334.21691
OBJECT=3381,235.168686,719.489746,18.854900,0.0,0.0,339.37353
OBJECT=1225,276.152954,766.189819,22.235666,0.0,0.0,0.0
OBJECT=1225,277.552612,765.812988,22.235666,0.0,0.0,0.0
OBJECT=1225,289.536865,762.002991,22.114372,0.0,0.0,0.0
OBJECT=1225,290.407196,761.249634,22.280531,0.0,0.0,0.0
OBJECT=1225,291.747223,760.928589,22.164715,0.0,0.0,0.0
OBJECT=1225,278.699799,765.203735,22.320503,0.0,0.0,0.0
OBJECT=3374,323.096893,843.662231,36.901722,0.0,0.0,337.65466
OBJECT=3374,319.539795,845.089294,36.865826,0.0,0.0,337.65466
OBJECT=3374,315.917908,846.716797,36.889519,0.0,0.0,337.65466
OBJECT=3374,312.334900,848.276978,36.904312,0.0,0.0,337.65466
OBJECT=3374,308.769623,849.726624,36.912815,0.0,0.0,337.65466
OBJECT=3374,355.559387,924.787842,50.641621,0.0,0.0,339.37353
OBJECT=3374,351.795837,926.204163,50.653496,0.0,0.0,339.37353
OBJECT=3374,348.131104,927.564270,50.482559,0.0,0.0,339.37353
OBJECT=3374,344.487457,928.975708,50.549305,0.0,0.0,339.37353
OBJECT=3374,340.899780,930.368530,50.646187,0.0,0.0,339.37353
OBJECT=12915,479.741669,1260.551514,101.122047,0.0,0.0,69.61430
OBJECT=12915,542.824890,1423.442505,128.772659,0.0,0.0,72.19260
OBJECT=12915,414.875305,1095.926025,73.498718,0.0,0.0,67.89543
OBJECT=972,548.811401,1623.296997,182.239105,0.0,0.0,327.34142
OBJECT=972,536.131531,1604.174927,182.265259,0.0,0.0,327.34142
OBJECT=12915,634.057800,1517.447021,169.580429,0.0,0.0,319.60650
OBJECT=12915,803.638367,1431.143188,160.882431,0.0,0.0,42.11238
OBJECT=12915,726.869507,1614.211060,139.533264,0.0,0.0,39.53408
OBJECT=12915,886.179932,1534.441284,122.692085,0.0,0.0,48.98783
OBJECT=12915,972.224426,1698.265381,111.854774,0.0,0.0,116.88331
OBJECT=12915,788.821167,1618.817993,92.935799,0.0,0.0,332.49804
OBJECT=12915,859.274292,1786.015747,71.455139,0.0,0.0,321.32536
OBJECT=12915,650.720337,1952.564697,39.112999,0.0,0.0,323.90368
OBJECT=3374,724.689331,1882.822388,57.221401,0.0,0.0,59.30106
OBJECT=3374,726.484253,1885.908569,57.163021,0.0,0.0,59.30106
OBJECT=3374,728.797485,1889.040405,57.057652,0.0,0.0,59.30106
OBJECT=3374,730.742249,1892.253662,57.044323,0.0,0.0,59.30106
OBJECT=3374,732.541626,1895.273438,57.121887,0.0,0.0,59.30106
OBJECT=4835,664.312805,2058.432129,42.197407,0.0,0.0,141.91067
OBJECT=972,-119.925446,-188.936615,0.850195,0.0,0.0,166.73097
OBJECT=972,515.258850,1309.029541,8.139303,0.0,0.0,0.0
OBJECT=972,509.809387,1287.039185,8.102131,0.0,0.0,336.79523
OBJECT=972,515.286743,1333.183350,8.141839,0.0,0.0,0.0
OBJECT=972,498.263489,1280.527588,8.085475,0.0,0.0,270.61867
OBJECT=972,474.793610,1280.403809,8.137126,0.0,0.0,270.61867
OBJECT=972,466.567078,1291.928589,8.156523,0.0,0.0,193.26904
OBJECT=972,461.074066,1314.651367,8.196852,0.0,0.0,193.26904
OBJECT=972,458.121429,1336.207642,8.203751,0.0,0.0,184.67465
OBJECT=972,508.610168,1344.994263,5.135397,0.0,0.0,83.36527
OBJECT=972,484.415497,1347.739624,4.997064,0.0,0.0,83.36527
OBJECT=972,465.430206,1343.838501,5.081268,0.0,0.0,129.77491
OBJECT=1634,-67.941208,29.598127,3.039504,0.0,0.0,339.37353
OBJECT=1634,-55.820198,64.096313,3.014504,0.0,0.0,158.99597

; Pickups
; Format:
;	PICKUPREPAIR=x,y,z
;	PICKUPNITRO=x,y,z
;	PICKUPVEHICLE=vehicletype,x,y,z
