
Name=Monster_Jam
Author=Cheerios
MinLevel=30
JoinCost=3000

; The location of the waiting checkpoint.
; WaitLocation=waitx,waity,waitz
WaitLocation=-1661.991577,1098.343262,24.593510

RunTime=500
WinBaseXP=80000
WinBaseCash=80000
Weather=0

; Vehicle Model to race with. Other models: 0=No vehicle, -1=Any vehicle
Vehicle=444

; Checkpoints
; Type=0 is a normal checkpoint
; Type=1 is an air checkpoint
; The params type and size are optional
; Format: CP=x,y,z,type,size
CP=-1634.976685,1165.460083,22.611294,0,
CP=-1670.061768,1223.654053,31.906250,0,
CP=-1732.651733,1264.882690,16.927229,0,
CP=-1870.429688,1254.962646,24.698523,0,
CP=-1886.738037,1078.808716,44.296875,0,
CP=-1899.309937,694.189697,44.198208,0,
CP=-2082.114502,439.026733,114.942154,0,3.200000
CP=-2121.326416,539.908203,78.169327,0,1.200000
CP=-2207.641113,526.881226,81.330185,0,1.200000
CP=-2418.816650,456.625244,72.257813,0,1.200000
CP=-2617.076416,602.647278,82.635071,0,1.200000
CP=-2717.329834,673.963501,65.093750,0,
CP=-2923.546631,862.110291,46.473774,0,
CP=-3076.218262,1016.523804,12.470444,0,
CP=-2946.678711,1235.691772,25.794338,0,
CP=-3031.680908,1624.267700,135.725052,0,
CP=-3105.003906,1957.220337,217.872559,0,
CP=-3156.647949,2179.331543,163.195694,0,
CP=-3223.711426,2497.360107,3.393885,0,2.200000

; Spawn Points
; If there are no spawn points, races will just be given their vehicle at the checkpoint
; Format: SPAWN=x,y,z,rotz
SPAWN=-1661.991577,1098.343262,24.593510,270.0
SPAWN=-1662.706543,1102.643066,24.483910,270.0
SPAWN=-1662.245117,1107.747192,24.533909,270.0
SPAWN=-1662.590088,1113.734619,24.708906,270.0
SPAWN=-1663.362427,1119.647827,24.308912,270.0

; Objects
; The last param (viewdistance) is optional
; Format: OBJECT=modelid,x,y,z,rotx,roty,rotz,viewdistance
OBJECT=3374,-1647.947632,1119.548584,24.111164,0.0,0.0,0.0
OBJECT=3374,-1647.685059,1114.936401,24.111164,0.0,0.0,0.0
OBJECT=3374,-1647.572510,1110.242676,24.111164,0.0,0.0,0.0
OBJECT=3374,-1647.520264,1105.291870,24.111164,0.0,0.0,0.0
OBJECT=3374,-1647.305176,1099.644409,24.111162,0.0,0.0,0.0
OBJECT=3374,-1642.503906,1102.181152,24.111162,0.0,0.0,0.0
OBJECT=3374,-1641.463501,1108.270508,24.111164,0.0,0.0,0.0
OBJECT=3374,-1642.783691,1115.623657,24.105270,0.0,0.0,0.0
OBJECT=3374,-1636.283325,1110.778809,24.111164,0.0,0.0,0.0
OBJECT=3374,-1642.729248,1104.977661,25.061178,0.0,0.0,0.0
OBJECT=3374,-1645.853394,1110.592773,25.036196,0.0,0.0,0.0
OBJECT=3374,-1646.152344,1100.645508,25.186176,0.0,0.0,0.0
OBJECT=3374,-1641.925049,1100.727173,24.736187,0.0,0.0,0.0
OBJECT=3374,-1637.204468,1098.053833,24.111164,0.0,0.0,0.0
OBJECT=3374,-1635.420654,1103.950562,24.111164,0.0,0.0,0.0
OBJECT=3374,-1634.278442,1109.064087,25.522772,0.0,0.0,0.0
OBJECT=3374,-1635.652466,1116.086426,24.105272,0.0,0.0,0.0
OBJECT=3374,-1640.778809,1116.374023,25.723103,0.0,0.0,0.0
OBJECT=3374,-1647.304810,1117.217285,24.936213,0.0,0.0,0.0
OBJECT=3374,-1636.569946,1102.845459,25.111195,0.0,0.0,0.0
OBJECT=3374,-1635.404541,1098.150879,24.536169,0.0,0.0,0.0
OBJECT=3374,-1639.458618,1106.806519,24.993351,0.0,0.0,0.0
OBJECT=3374,-1649.223267,1118.231567,25.661167,0.0,0.0,0.0
OBJECT=3374,-1649.680176,1114.707275,25.712143,0.0,0.0,0.0
OBJECT=3374,-1541.918213,1103.102417,-66.145844,0.0,0.0,0.0
OBJECT=3374,-1645.714722,1107.594727,24.111164,0.0,0.0,0.0
OBJECT=4182,-1686.476563,1094.378662,23.394440,0.0,271.47811,270.85949
OBJECT=4808,-1616.574707,1101.734131,15.591946,265.46206,2.57832,92.57835
OBJECT=3374,-1647.450317,1103.691040,24.586191,0.0,0.0,0.0
OBJECT=3374,-1648.713989,1107.105957,23.161201,0.0,0.0,0.0
OBJECT=3374,-1649.590942,1112.717163,23.290058,0.0,0.0,0.0
OBJECT=3374,-1649.398315,1112.013794,25.061172,0.0,0.0,0.0
OBJECT=3374,-1647.709839,1109.690186,24.945566,0.0,0.0,0.0
OBJECT=3374,-1649.445435,1104.788940,24.748959,0.0,0.0,0.0
OBJECT=3374,-1644.724365,1106.717896,25.258793,0.0,0.0,0.0
OBJECT=3374,-1649.646240,1114.217163,23.989756,0.0,0.0,0.0
OBJECT=3374,-1651.284302,1118.835327,24.111164,0.0,0.0,0.0
OBJECT=3374,-1651.354858,1117.999512,24.636175,0.0,0.0,0.0
OBJECT=3374,-1649.704956,1107.742310,25.317827,0.0,0.0,0.0
OBJECT=3374,-1644.778809,1113.665039,24.928989,0.0,0.0,0.0
OBJECT=3374,-1650.091309,1106.323242,24.917845,0.0,0.0,0.0
OBJECT=3374,-1648.976929,1111.498535,24.561214,0.0,0.0,0.0
OBJECT=3374,-1649.766113,1114.470825,25.112175,0.0,0.0,0.0
OBJECT=3374,-1646.090942,1113.305908,25.128986,0.0,0.0,0.0
OBJECT=3374,-1645.761230,1106.922119,25.433798,0.0,0.0,0.0
OBJECT=3374,-1645.634521,1102.655396,25.236462,0.0,0.0,0.0
OBJECT=3374,-1641.453735,1108.677612,24.873838,0.0,0.0,0.0
OBJECT=3374,-1639.840576,1111.588989,24.111164,0.0,0.0,0.0
OBJECT=3374,-1640.957031,1112.893433,25.061195,0.0,0.0,0.0
OBJECT=3374,-1642.222534,1113.026123,25.136221,0.0,0.0,0.0
OBJECT=3374,-1643.648071,1119.879395,24.105270,0.0,0.0,0.0
OBJECT=3374,-1644.067505,1118.812134,25.805279,0.0,0.0,0.0
OBJECT=3374,-1643.425537,1116.750366,25.905277,0.0,0.0,0.0
OBJECT=3374,-1638.007568,1109.830688,25.186193,0.0,0.0,0.0
OBJECT=3374,-1638.275757,1113.598877,25.366371,0.0,0.0,0.0
OBJECT=3374,-1638.773926,1117.476440,25.207117,0.0,0.0,0.0
OBJECT=3374,-1634.885620,1116.796875,25.580296,0.0,0.0,0.0
OBJECT=3374,-1634.271973,1112.573975,25.440536,0.0,0.0,0.0
OBJECT=3374,-1634.869263,1113.312500,25.015554,0.0,0.0,0.0
OBJECT=3374,-1638.445923,1113.340576,25.344889,0.0,0.0,0.0
OBJECT=3374,-1634.040161,1100.771362,24.111164,0.0,0.0,0.0
OBJECT=3374,-1632.205200,1098.033203,24.111164,0.0,0.0,0.0
OBJECT=3374,-1633.429443,1103.567383,25.511166,0.0,0.0,0.0
OBJECT=3374,-1635.322510,1107.191650,25.347778,0.0,0.0,0.0
OBJECT=16303,-1644.016602,1170.100830,17.125416,354.84339,338.51409,123.75004
OBJECT=16303,-1639.450928,1171.738892,17.225409,355.70283,336.79523,123.75004
OBJECT=16303,-1634.181641,1173.141724,17.525427,357.42169,340.23296,123.75004
OBJECT=3410,-1646.871216,1117.824707,23.817938,0.0,0.0,0.0
OBJECT=16303,-1640.854492,1181.374023,22.849670,355.70283,336.79523,123.75004
OBJECT=16303,-1647.174438,1178.760620,22.988907,354.84339,338.51409,123.75004
OBJECT=16303,-1636.800293,1182.424316,22.622929,357.42169,340.23296,123.75004
OBJECT=16303,-1899.515503,760.231445,39.085800,354.84339,346.24902,285.54720
OBJECT=1225,-1888.114624,746.601868,44.851067,0.0,0.0,0.0
OBJECT=1225,-1891.622314,747.012024,44.851067,0.0,0.0,0.0
OBJECT=1225,-1889.924805,749.415649,44.851067,0.0,0.0,0.0
OBJECT=1225,-1891.968506,750.102905,44.702629,0.0,0.0,0.0
OBJECT=1225,-1905.828003,758.012878,44.702629,0.0,0.0,0.0
OBJECT=1225,-1910.575562,757.333008,44.851067,0.0,0.0,0.0
OBJECT=1225,-1908.403809,756.172180,44.851067,0.0,0.0,0.0
OBJECT=1225,-1907.200928,761.101440,44.792099,0.0,0.0,0.0
OBJECT=1225,-1907.213867,754.160522,44.851067,0.0,0.0,0.0
OBJECT=1225,-1909.815308,752.953491,44.851067,0.0,0.0,0.0
OBJECT=1225,-1888.909302,757.922302,44.851067,0.0,0.0,0.0
OBJECT=1225,-1888.974731,754.352600,44.851067,0.0,0.0,0.0
OBJECT=1225,-1892.026978,755.834961,44.702629,0.0,0.0,0.0
OBJECT=4182,-1899.100220,634.858215,60.628860,16.32929,0.85945,180.85956
OBJECT=4182,-1919.644165,511.909668,89.409401,10.31324,9.45381,159.21898
OBJECT=4182,-1987.853882,442.277222,106.035698,10.31324,9.45381,124.37732
OBJECT=16303,-2126.140625,539.531494,73.783379,354.84339,346.24902,195.54719
OBJECT=16303,-2209.963135,524.975769,76.094246,356.56226,351.40564,237.89162
OBJECT=1696,-2323.257080,449.179688,73.349396,0.0,0.0,128.98384
OBJECT=1696,-2326.114746,452.761780,73.349396,0.0,0.0,128.98384
OBJECT=1696,-2329.445068,456.923218,73.349396,0.0,0.0,128.98384
OBJECT=1696,-2332.060791,460.313629,73.324394,0.0,0.0,128.98384
OBJECT=4182,-2475.468506,497.893280,78.100685,5.15662,0.0,53.67182
OBJECT=4182,-2578.626953,573.405518,82.620628,0.0,0.0,53.67182
OBJECT=4182,-2762.752197,715.469910,70.675690,5.15662,0.0,47.65583
OBJECT=4182,-2880.143799,823.005249,58.622337,347.96791,0.0,47.65583
OBJECT=4182,-3021.010498,953.248291,11.771364,0.0,359.14056,47.65583
OBJECT=4182,-3053.361572,1053.011475,12.386495,0.0,2.57832,328.90587
OBJECT=4182,-2986.512207,1161.763184,18.002655,5.15662,4.29718,328.4641
OBJECT=4182,-2955.718994,1271.337646,30.284132,6.87550,358.28113,12.10952
OBJECT=4182,-2983.357666,1398.827148,51.473602,12.3210,359.14056,12.10952
OBJECT=4182,-3008.545166,1516.558838,89.104301,23.20478,359.14056,12.10952
OBJECT=4182,-3034.865723,1639.060059,142.752029,23.20478,359.14056,12.10952
OBJECT=4182,-3061.504883,1763.222778,196.917603,23.20478,359.14056,12.10952
OBJECT=4182,-3090.502441,1893.342285,220.671036,357.42169,359.14056,13.4638
OBJECT=4182,-3121.604004,2027.471069,200.904938,13.75099,0.85945,192.96919
OBJECT=4182,-3150.763184,2155.200439,168.837494,13.75099,0.85945,192.96919
OBJECT=4182,-3208.384766,2429.916504,3.310941,0.0,359.14056,192.96919
OBJECT=1696,-1674.083252,1221.306152,32.178959,0.0,0.0,48.51502
OBJECT=1696,-1671.538330,1224.294556,32.218151,0.0,0.0,48.51502
OBJECT=1696,-1668.478882,1227.761230,32.247879,0.0,0.0,45.93672
OBJECT=1696,-1736.321411,1260.589600,17.409468,0.0,0.0,79.68667
OBJECT=1696,-1735.575928,1264.673706,17.398302,0.0,0.0,79.68667
OBJECT=1696,-1736.103638,1268.326660,17.929079,0.0,0.0,77.96780

; Pickups
; Format:
;	PICKUPREPAIR=x,y,z
;	PICKUPNITRO=x,y,z
;	PICKUPVEHICLE=vehicletype,x,y,z
