Name=Slick's Classics: Splash
Author=Slick
MinLevel=1
JoinCost=1500

; The location of the waiting checkpoint.
; WaitLocation=waitx,waity,waitz
WaitLocation=403.4764,-2082.9053,7.8359

RunTime=500
WinMultiplierXP=1000
WinMultiplierCash=2000
Time=7:0
Weather=5

; Vehicle Model to race with. Other models: 0=No vehicle, -1=Any vehicle
Vehicle=495
VehicleComponents=1010
VehicleHealth=5000.0

; Boundaries
BoundRectangle=623.1024,-2558.1650,2.0,404.1426,-2306.7661,50.0

; Spawn Points
; If there are no spawn points, races will just be given their vehicle at the checkpoint
; Format: SPAWN=x,y,z,rotz
SPAWN=536.603516,-2449.141602,5.545470,146.0
SPAWN=534.088135,-2440.664307,6.008018,56.0
SPAWN=542.839172,-2439.183594,6.997886,327.0
SPAWN=546.280029,-2448.117188,6.371202,237.0
SPAWN=505.866882,-2349.823975,21.917311,179.0
SPAWN=504.447052,-2342.390869,21.804041,360.0
SPAWN=452.101135,-2394.151611,7.201115,338.0
SPAWN=457.345276,-2396.152588,7.726903,338.0
SPAWN=479.577911,-2386.850586,7.915012,146.0
SPAWN=482.283112,-2399.858643,7.665011,56.0
SPAWN=507.995758,-2436.062012,5.789663,259.0
SPAWN=460.427917,-2433.506836,14.251162,89.0
SPAWN=519.279236,-2387.264648,7.162266,192.0
SPAWN=515.987305,-2376.626221,8.849526,179.0
SPAWN=508.531097,-2339.942627,21.854040,168.0
SPAWN=423.885376,-2447.404541,13.902742,304.0
SPAWN=423.409424,-2441.553467,13.991701,304.0
SPAWN=506.544556,-2458.466064,2.859974,293.0
SPAWN=524.299133,-2478.640625,2.859974,338.0
SPAWN=548.383057,-2480.647705,2.859974,11.0
SPAWN=563.159912,-2477.673584,3.609977,44.0
SPAWN=570.569397,-2465.075195,2.859974,56.0
SPAWN=574.592041,-2441.404541,2.859974,101.0
SPAWN=564.640442,-2421.972900,2.859974,134.0
SPAWN=547.741516,-2412.444824,2.866925,168.0
SPAWN=525.018372,-2412.955566,3.459977,203.0

; Objects
; The last param (viewdistance) is optional
; Format: OBJECT=modelid,x,y,z,rotx,roty,rotz,viewdistance
OBJECT=4113,505.294281,-2345.183594,-17.918015,0.0,0.0,281.25001
OBJECT=13607,539.461487,-2446.658447,5.409037,0.0,0.0,0.0
OBJECT=5174,457.878296,-2378.465576,1.850948,0.0,0.0,326.24998
OBJECT=18367,491.148834,-2434.042725,9.121485,0.0,0.0,270.4
OBJECT=18367,520.005310,-2439.030273,-0.198074,348.82732,358.28112,259.60951
OBJECT=18367,491.022247,-2432.594727,9.128998,0.0,0.0,270.4
OBJECT=4113,440.392761,-2440.027344,-23.062302,0.85943,0.0,11.25002
OBJECT=18367,520.043884,-2436.798584,-0.150631,348.82732,359.14056,263.4726
OBJECT=1675,516.909302,-2380.108154,2.971570,0.0,0.0,11.25002
OBJECT=18367,524.619385,-2417.051758,0.421198,356.56225,0.85943,191.25006
OBJECT=18367,526.130615,-2416.731934,0.428599,356.56225,0.85943,191.25006
OBJECT=18367,516.426758,-2385.235107,-5.764021,317.2817,0.85943,176.63952
OBJECT=18367,514.791565,-2385.094971,-5.739536,317.2817,0.85943,176.63952
OBJECT=1503,516.049744,-2374.799316,6.457617,3.43774,1.71887,354.84338
OBJECT=18367,563.386414,-2476.474121,1.145618,347.10845,0.0,45.12
OBJECT=18367,562.035034,-2477.655762,1.107402,347.10845,0.0,45.12
OBJECT=18367,582.365906,-2498.781738,11.359646,347.10845,0.0,45.12
OBJECT=18367,584.434509,-2496.819336,11.384881,347.10845,0.0,45.12
OBJECT=3374,605.141602,-2519.805664,20.518122,0.0,0.0,315.2
OBJECT=3374,602.315430,-2522.607422,20.509111,0.0,0.0,315.2
OBJECT=3374,607.988098,-2516.965576,20.531597,0.0,0.0,315.2
OBJECT=3374,609.303772,-2521.027344,20.473886,0.0,0.0,315.2
OBJECT=3374,606.498413,-2523.826904,20.504759,0.0,0.0,315.2
OBJECT=16087,459.358398,-2384.849365,0.520077,6.1605,347.96789,247.50006
OBJECT=16087,461.709900,-2382.206055,-0.449550,6.1605,347.96789,247.50006
OBJECT=16087,457.781799,-2385.673340,0.653447,6.1605,347.96789,247.50006
OBJECT=1245,452.796906,-2395.361084,5.843356,0.0,330.77916,250.7836
OBJECT=1245,439.272400,-2421.422607,12.172452,0.0,347.96789,73.51608
OBJECT=1245,445.390991,-2420.690186,12.137472,359.14056,347.96789,70.93786
OBJECT=18367,478.198242,-2386.738525,5.157184,342.81127,344.53014,146.25009
OBJECT=18367,480.722107,-2386.742676,5.349793,342.81127,1.71887,146.25009
OBJECT=16481,495.163147,-2406.918945,7.203118,0.85943,9.45380,326.25018
OBJECT=16481,493.874939,-2408.943848,7.182411,0.85943,9.45380,326.25018
OBJECT=1413,608.676575,-2523.070313,23.265057,0.0,0.0,44.99997
OBJECT=1225,511.666962,-2387.527588,6.495837,0.0,0.0,0.0
OBJECT=1225,512.977539,-2387.156982,6.495837,0.0,0.0,0.0
OBJECT=1225,511.869202,-2386.530518,6.495837,0.0,0.0,0.0
OBJECT=13604,537.198792,-2450.225098,3.477992,0.0,0.0,326.24998
OBJECT=3625,508.565369,-2343.368408,20.548418,0.0,0.0,90.9
OBJECT=1225,563.536743,-2437.760010,2.275730,0.0,0.0,0.0
OBJECT=1225,550.477234,-2424.169922,2.275730,0.0,0.0,0.0
OBJECT=1225,531.903625,-2422.805176,2.275732,0.0,0.0,0.0
OBJECT=1225,520.061646,-2432.205811,2.282680,0.0,0.0,0.0
OBJECT=1225,515.726379,-2447.060547,2.282680,0.0,0.0,0.0
OBJECT=1225,520.949280,-2462.414307,2.275730,0.0,0.0,0.0
OBJECT=1225,536.914917,-2471.405029,2.275730,0.0,0.0,0.0
OBJECT=1225,558.234558,-2462.173340,2.275730,0.0,0.0,0.0
OBJECT=1225,433.926575,-2445.651367,13.314935,0.0,0.0,0.0
OBJECT=1225,439.859283,-2436.964600,13.425385,0.0,0.0,0.0
OBJECT=1225,429.383209,-2432.714844,13.516316,0.0,0.0,0.0
OBJECT=1225,453.054138,-2443.547607,13.289914,0.0,0.0,0.0
OBJECT=1225,452.389008,-2377.809570,6.505764,0.0,0.0,0.0
OBJECT=1225,458.246521,-2377.364746,6.505764,0.0,0.0,0.0
OBJECT=1225,466.394958,-2389.585449,6.505764,0.0,0.0,0.0
OBJECT=1225,475.132477,-2401.969727,6.505647,0.0,0.0,0.0
OBJECT=1225,476.259430,-2404.416992,6.505647,0.0,0.0,0.0
OBJECT=1225,472.679932,-2404.303223,6.505647,0.0,0.0,0.0
OBJECT=1225,602.891846,-2521.921143,22.420889,0.0,0.0,0.0

; Pickups
; Format:
;	PICKUPREPAIR=x,y,z
;	PICKUPNITRO=x,y,z
;	PICKUPVEHICLE=vehicletype,x,y,z
PICKUPREPAIR=606.350281,-2520.707275,23.524145
PICKUPVEHICLE=495,517.371582,-2423.276855,10.774814
