; Converted Fri, 25 Jun 10 08:51:26 -0400

; The location of the waiting checkpoint. WaitLocation=x,y,z,interior
WaitLocation=-504.5092,1826.2594,133.1859
MinLevel=0
JoinCost=1500
WinMultiplierXP=1000
WinMultiplierCash=2000

Name=Wankenstein Pinco revolution DD
Author=pss1oner
Description=DeathMath
RunTime=1000
Weather=0
Time=7:0

; Vehicle Model to race with. Other models: 0=No vehicle, -1=Any vehicle
Vehicle=549

; Boundaries, the furthest a player can get away from a point.
; Bounds=centrex,centrey,centrez,radius
Bounds=3592.37816393,-2420.6404221,1.35886018055,3690.692139

; If there are no spawn points, races will just be given their vehicle at the checkpoint
; vehicletype param is optional.
; Format: SPAWN=x,y,z,rotz,vehicletype
SPAWN=3690.692139,-2474.77002,15.970942,360
SPAWN=3690.544678,-2361.186768,15.995941,91
SPAWN=3808.130127,-2518.120605,4.096048,91
SPAWN=3809.55127,-2420.102783,4.096048,91
SPAWN=3810.977539,-2321.148926,4.54605,91
SPAWN=3614.208984,-2319.627441,1.246041,179
SPAWN=3613.707031,-2515.242676,4.171048,360
SPAWN=3736.101318,-2325.82373,4.146048,182
SPAWN=3732.242676,-2511.601807,4.121048,2
SPAWN=3656.24585,-2363.591797,15.995941,181
SPAWN=3656.499756,-2475.229248,15.995941,272
SPAWN=3590.30542,-2419.016602,151.87085,89

; Format: OBJECT=modelid,x,y,z,rotx,roty,rotz
OBJECT=3458,3792.311523,-2419.984131,1.889513,0,0,8.29086400245E-5
OBJECT=3458,3751.994873,-2419.987793,1.896074,0,0,8.29086400245E-5
OBJECT=3458,3712.235352,-2420.007324,7.850784,0,17.188728,8.29086400245E-5
OBJECT=3458,3734.236816,-2418.674561,1.889853,0,0,268.900626649
OBJECT=3458,3690.87793,-2418.372803,13.758446,0,0,269.760063049
OBJECT=3458,3690.687988,-2458.588135,13.758492,0,0,269.760063049
OBJECT=3458,3691.062256,-2378.067627,13.76626,0,0,269.760063049
OBJECT=3458,3673.457031,-2360.293945,13.766308,0,0,179.517407585
OBJECT=3458,3672.967529,-2476.129639,13.758537,0,0,179.517407585
OBJECT=3458,3655.57373,-2458.392578,13.758583,0,0,89.2745229376
OBJECT=3458,3656.072754,-2417.982422,13.758629,0,0,89.2745229376
OBJECT=3458,3656.259766,-2381.047119,13.783674,0,0,90.1340166334
OBJECT=3458,3809.966553,-2419.26123,1.883992,0,0,268.900626649
OBJECT=3458,3734.999756,-2378.326904,1.902707,0,0,268.900626649
OBJECT=3458,3809.191162,-2459.570313,1.876237,0,0,268.900626649
OBJECT=3458,3808.407471,-2499.948975,1.851676,0,0,268.900626649
OBJECT=3458,3810.749268,-2378.885742,1.858786,0,0,268.900626649
OBJECT=3458,3732.729736,-2499.515625,1.86606,0,0,268.900626649
OBJECT=3458,3811.508545,-2338.519287,1.858775,0,0,268.900626649
OBJECT=3458,3735.773926,-2337.943359,1.887356,0,0,268.900626649
OBJECT=3458,3789.200684,-2320.841797,1.874887,0,0,8.29086400245E-5
OBJECT=3458,3753.847412,-2320.833496,1.860035,0,0,8.29086400245E-5
OBJECT=3458,3785.281982,-2517.553223,1.842806,0,0,8.29086400245E-5
OBJECT=3458,3750.119873,-2517.407715,1.849979,0,0,359.140646509
OBJECT=3458,3635.463623,-2419.994873,6.46052,0,338.51409,8.29086400245E-5
OBJECT=1632,3683.787598,-2420.087891,16.312031,0,0.8594364,88.5218919042
OBJECT=3458,3709.742432,-2516.809814,1.891049,0,0,359.140646509
OBJECT=3458,3713.391846,-2319.967041,1.905268,0,0,359.140646509
OBJECT=3458,3669.344482,-2516.203613,1.880713,0,0,359.140646509
OBJECT=3458,3631.285889,-2515.664307,1.905702,0,0,359.218110376
OBJECT=3458,3613.618164,-2492.715088,1.586345,0,359.1405636,269.837469621
OBJECT=3458,3613.715088,-2452.325684,0.952512,0,359.1405636,269.837469621
OBJECT=3458,3613.841309,-2416.273193,0.417413,0,359.1405636,269.837469621
OBJECT=1477,3617.257324,-2421.694092,0.551646,0,0,89.3813283042
OBJECT=1477,3617.258057,-2420.211426,0.548562,0,0,89.3813283042
OBJECT=1477,3617.265869,-2418.704102,0.562392,0,0,89.3813283042
OBJECT=1477,3617.226318,-2418.165771,0.535482,0,0,89.3813283042
OBJECT=3458,3671.710693,-2319.332764,1.880257,0,10.3132368,359.140646509
OBJECT=3458,3632.557129,-2318.774902,1.905245,0,349.6867632,359.140646509
OBJECT=3458,3613.952637,-2375.914795,-0.171216,0,359.1405636,269.837469621
OBJECT=3458,3614.079102,-2335.465088,-0.778628,0,359.1405636,269.837469621
OBJECT=1655,3689.959229,-2319.743896,1.324984,359.1405636,0,268.040362496
OBJECT=3458,3596.130127,-2419.295898,0.446713,359.1405636,0,359.140646509
OBJECT=3458,3595.916016,-2429.330078,0.607949,359.1405636,0,359.140646509
OBJECT=3458,3596.280518,-2411.530029,0.34977,359.1405636,0,359.140646509
OBJECT=3458,3573.513672,-2421.783691,0.477361,0,0,268.900626649
OBJECT=3458,3574.256836,-2382.693115,9.186167,0,24.9236556,268.900626649
OBJECT=3458,3572.341797,-2460.938477,9.122499,0,24.9236556,87.5556501376
OBJECT=3458,3553.810791,-2479.881348,17.445606,0,0,176.079604689
OBJECT=3458,3557.169189,-2361.288818,17.485176,0,0,176.079604689
OBJECT=3458,3518.202637,-2357.983643,26.060091,0,24.9236556,353.984085404
OBJECT=3458,3516.071289,-2476.061523,26.07052,0.8594364,24.9236556,355.702958204
OBJECT=3458,3497.94043,-2373.721436,34.472694,0,0,268.900626649
OBJECT=3458,3497.164063,-2414.109863,34.472507,0,0,268.900626649
OBJECT=3458,3496.402588,-2454.433105,34.472321,0,0,268.900626649
OBJECT=3458,3496.282959,-2457.214844,34.447132,0,0,268.900626649
OBJECT=2678,3536.357422,-2476.166992,18.933317,270.618671696,329.919726,57.5821815042
OBJECT=2678,3538.673096,-2476.369629,18.933317,269.759235296,330.7791624,55.8633087042
OBJECT=914,3533.93457,-2480.440674,19.288225,243.976200592,-0,267.180926096
OBJECT=914,3532.583008,-2480.345703,19.901159,243.976200592,-0,267.180926096
OBJECT=3458,3474.467529,-2413.017822,34.472321,0,0,178.657971185
OBJECT=1634,3449.326416,-2412.495361,36.548061,353.9839452,0,89.3813283042
OBJECT=1633,3423.847412,-2411.619873,38.628174,5.1566184,0,268.040362496
OBJECT=3458,3398.959961,-2410.123779,35.527611,0,0,176.079604689
OBJECT=2714,3392.312256,-2412.038574,37.319054,0,0,0
OBJECT=971,3375.100586,-2412.580322,37.025719,90.2407647042,0,268.040362496
OBJECT=971,3375.437256,-2403.849609,37.020317,90.2407647042,0,268.040362496
OBJECT=3458,3733.449951,-2459.056396,1.872965,0,0,268.900626649
OBJECT=3515,3590.50708,-2422.936279,1.106889,0,0,0
OBJECT=3515,3591.182617,-2415.750244,1.040985,0,0,0
OBJECT=3515,3588.452881,-2415.7146,1.037002,0,0,0
OBJECT=3515,3587.805176,-2422.783936,1.103574,0,0,0
OBJECT=3515,3594.386719,-2415.89209,1.034843,0,0,0
OBJECT=3515,3594.198975,-2422.918213,1.08994,0,0,0

; Format:
; 	PICKUPREPAIR=x,y,z
; 	PICKUPNITRO=x,y,z
; 	PICKUPVEHICLE=vehicletype,x,y,z
PICKUPVEHICLE=495,3662.808838,-2420.271729,21.21203
PICKUPNITRO=3804.05127,-2419.907227,4.917983
PICKUPNITRO=3497.390137,-2413.458008,37.500977
PICKUPVEHICLE=601,3376.87085,-2408.859863,38.233917
PICKUPNITRO=3373.9729,-2408.824219,38.703815
PICKUPREPAIR=3590.132324,-2419.239502,3.47586
